0
0
7.930109273027357
0
6.971943266643819
0
0
0
0
0
0
0
6.971943266643819
0
6.971943266643819
0
0
0
0
0
0
0
6.971943266643819
0
6.971943266643819
0
0
0
0
0
0
0
6.971943266643819
0
8.057536263496786
0
0
0
0
0
0
0
6.971943266643819
0
8.298516853298585
0
0
0
0
0
0
0
6.971943266643819
0
6.971943266643819
0
0
0
0
0
0
0
6.971943266643819
0
6.971943266643819
0
0
0
0
0
0
0
6.971943266643819
0
6.971943266643819
0
0
0
0
0
0
0
6.971943266643819
0
6.971943266643819
0
0
0
0
0
0
0
6.971943266643819
0
6.971943266643819
0
0
0
0
0
0
0
6.971943266643819
0
6.971943266643819
0
0
0
0
0
0
0
6.971943266643819
0
8.799488486620495
0
0
0
0
0
0
0
6.971943266643819
0
6.971943266643819
0
0
0
0
0
0
0
8.799488486620495
0
6.971943266643819
0
0
0
0
0
0
0
8.298516853298585
0
6.971943266643819
0
0
0
0
0
0
0
7.659358745881661
0
6.971943266643819
0
0
0
0
0
0
0
6.971943266643819
0
6.971943266643819
0
0
0
0
0
0
0
6.971943266643819
0
6.971943266643819
0
0
0
0
0
0
0
6.971943266643819
0
6.971943266643819
0
0
0
0
0
0
0
6.971943266643819
0
8.799488486620495
0
0
0
0
0
0
0
8.298516853298585
0
8.799488486620495
0
0
0
0
0
0
0
6.971943266643819
0
7.476969786287069
0
0
0
0
0
0
0
6.971943266643819
0
6.971943266643819
0
0
0
0
0
0
0
6.971943266643819
0
6.971943266643819
0
0
0
0
0
0
0
6.971943266643819
0
6.971943266643819
0
0
0
0
0
0
0
6.971943266643819
0
8.799488486620495
0
0
0
0
0
0
0
6.971943266643819
0
8.298516853298585
0
0
0
0
0
0
0
6.971943266643819
0
7.928229528590158
0
0
0
0
0
0
0
6.971943266643819
0
6.971943266643819
0
0
0
0
0
0
0
6.971943266643819
0
10.627033706597171
0
0
0
0
0
0
0
6.971943266643819
0
6.971943266643819
0
0
0
0
0
0
0
6.971943266643819
0
7.763233568739125
0
0
0
0
0
0
0
6.971943266643819
0
6.971943266643819
0
0
0
0
0
0
0
6.971943266643819
0
6.971943266643819
0
0
0
0
0
0
0
6.971943266643819
0
8.239399841055787
0
0
0
0
0
0
0
6.971943266643819
0
6.971943266643819
0
0
0
0
0
0
0
7.73473381766717
0
6.971943266643819
0
0
0
0
0
0
0
7.955287095792
0
8.772631239149591
0
0
0
0
0
0
0
8.298516853298585
0
7.384710084237833
0
0
0
0
0
0
0
6.971943266643819
0
6.971943266643819
0
0
0
0
0
0
0
8.799488486620495
0
6.971943266643819
0
0
0
0
0
0
0
6.971943266643819
0
6.971943266643819
0
0
0
0
0
0
0
8.298516853298585
0
6.971943266643819
0
0
0
0
0
0
0
6.971943266643819
0
6.971943266643819
0
0
0
0
0
0
0
6.971943266643819
0
6.971943266643819
0
0
0
0
0
0
0
6.971943266643819
0
6.971943266643819
0
0
0
0
0
0
0
8.298516853298585
0
8.063086665165502
0
0
0
0
0
0
0
7.455238969233804
0
6.971943266643819
0
0
0
0
0
0
0
6.971943266643819
0
6.971943266643819
0
0
0
0
0
0
0
6.971943266643819
0
6.971943266643819
0
0
0
0
0
0
0
6.971943266643819
0
6.971943266643819
0
0
0
0
0
0
0
6.971943266643819
0
6.971943266643819
0
0
0
0
0
0
0
6.971943266643819
0
6.971943266643819
0
0
0
0
0
0
0
6.971943266643819
0
8.799488486620495
0
0
0
0
0
0
0
7.874202175876903
0
6.971943266643819
0
0
0
0
0
0
0
6.971943266643819
0
6.971943266643819
0
0
0
0
0
0
0
6.971943266643819
0
6.971943266643819
0
0
0
0
0
0
0
6.971943266643819
0
6.971943266643819
0
0
0
0
0
0
0
8.298516853298585
0
6.971943266643819
0
0
0
0
0
0
0
6.971943266643819
0
6.971943266643819
0
0
0
0
0
0
0
6.971943266643819
0
6.971943266643819
0
0
0
0
0
0
0
6.971943266643819
0
6.971943266643819
0
0
0
0
0
0
0
6.971943266643819
0
6.971943266643819
0
0
0
0
0
0
0
6.971943266643819
0
6.971943266643819
0
0
0
0
0
0
0
6.971943266643819
0
6.971943266643819
0
0
0
0
0
0
0
8.298516853298585
0
8.298516853298585
0
0
0
0
0
0
0
6.971943266643819
0
6.971943266643819
0
0
0
0
0
0
0
6.971943266643819
0
6.971943266643819
0
0
0
0
0
0
0
6.971943266643819
0
6.971943266643819
0
0
0
0
0
0
0
6.971943266643819
0
6.971943266643819
0
0
0
0
0
0
0
6.971943266643819
0
6.971943266643819
0
0
0
0
0
0
0
6.971943266643819
0
8.799488486620495
0
0
0
0
0
0
0
6.971943266643819
0
8.298516853298585
0
0
0
0
0
0
0
6.971943266643819
0
6.971943266643819
0
0
0
0
0
0
0
6.971943266643819
0
8.656756607117694
0
0
0
0
0
0
0
6.971943266643819
0
6.971943266643819
0
0
0
0
0
0
0
8.77627142900325
0
6.971943266643819
0
0
0
0
0
0
0
8.298516853298585
0
6.971943266643819
0
0
0
0
0
0
0
6.971943266643819
0
8.799488486620495
0
0
0
0
0
0
0
8.799488486620495
0
6.971943266643819
0
0
0
0
0
0
0
7.358773103527517
0
6.971943266643819
0
0
0
0
0
0
0
6.971943266643819
0
6.971943266643819
0
0
0
0
0
0
0
6.971943266643819
0
8.462608658080269
0
0
0
0
0
0
0
6.971943266643819
0
6.971943266643819
0
0
0
0
0
0
0
6.971943266643819
0
6.971943266643819
0
0
0
0
0
0
0
6.971943266643819
0
6.971943266643819
0
0
0
0
0
0
0
6.971943266643819
0
6.971943266643819
0
0
0
0
0
0
0
6.971943266643819
0
6.971943266643819
0
0
0
0
0
0
0
6.971943266643819
0
8.298516853298585
0
0
0
0
0
0
0
6.971943266643819
0
7.674141957547162
0
0
0
0
0
0
0
6.971943266643819
0
6.971943266643819
0
0
0
0
0
0
0
6.971943266643819
0
6.971943266643819
0
0
0
0
0
0
0
6.971943266643819
0
6.971943266643819
0
0
0
0
0
0
0
6.971943266643819
0
6.971943266643819
0
0
0
0
0
0
0
6.971943266643819
0
6.971943266643819
0
0
0
0
0
0
0
6.971943266643819
0
8.799488486620495
0
0
0
0
0
0
0
6.971943266643819
0
6.971943266643819
0
0
0
0
0
0
0
6.971943266643819
0
6.971943266643819
0
0
0
0
0
0
0
6.971943266643819
0
6.971943266643819
0
0
0
0
0
0
0
6.971943266643819
0
6.971943266643819
0
0
0
0
0
0
0
6.971943266643819
0
8.567444506800596
0
0
0
0
0
0
0
8.799488486620495
0
6.971943266643819
0
0
0
0
0
0
0
6.971943266643819
0
6.971943266643819
0
0
0
0
0
0
0
10.627033706597171
0
6.971943266643819
0
0
0
0
0
0
0
6.971943266643819
0
6.971943266643819
0
0
0
0
0
0
0
6.971943266643819
0
8.799488486620495
0
0
0
0
0
0
0
6.971943266643819
0
6.971943266643819
0
0
0
0
0
0
0
8.799488486620495
0
6.971943266643819
0
0
0
0
0
0
0
6.971943266643819
0
6.971943266643819
0
0
0
0
0
0
0
6.971943266643819
0
6.971943266643819
0
0
0
0
0
0
0
6.971943266643819
0
6.971943266643819
0
0
0
0
0
0
0
6.971943266643819
0
6.971943266643819
0
0
0
0
0
0
0
6.971943266643819
0
6.971943266643819
0
0
0
0
0
0
0
8.264288574344395
0
8.298516853298585
0
0
0
0
0
0
0
6.971943266643819
0
6.971943266643819
0
0
0
0
0
0
0
6.971943266643819
0
6.971943266643819
0
0
0
0
0
0
0
6.971943266643819
0
8.799488486620495
0
0
0
0
0
0
0
6.971943266643819
0
6.971943266643819
0
0
0
0
0
0
0
6.971943266643819
0
6.971943266643819
0
0
0
0
0
0
0
6.971943266643819
0
6.971943266643819
0
0
0
0
0
0
0
6.971943266643819
0
6.971943266643819
0
0
0
0
0
0
0
8.298516853298585
0
6.971943266643819
0
0
0
0
0
0
0
6.971943266643819
0
6.971943266643819
0
0
0
0
0
0
0
8.298516853298585
0
8.298516853298585
0
0
0
0
0
0
0
8.298516853298585
0
6.971943266643819
0
0
0
0
0
0
0
7.583635815220102
0
6.971943266643819
0
0
0
0
0
0
0
6.971943266643819
0
6.971943266643819
0
0
0
0
0
0
0
6.971943266643819
0
6.971943266643819
0
0
0
0
0
0
0
6.971943266643819
0
6.971943266643819
0
0
0
0
0
0
0
6.971943266643819
0
6.971943266643819
0
0
0
0
0
0
0
6.971943266643819
0
7.34291064982413
0
0
0
0
0
0
0
6.971943266643819
0
6.971943266643819
0
0
0
0
0
0
0
6.971943266643819
0
6.971943266643819
0
0
0
0
0
0
0
6.971943266643819
0
6.971943266643819
0
0
0
0
0
0
0
6.971943266643819
0
6.971943266643819
0
0
0
0
0
0
0
6.971943266643819
0
6.971943266643819
0
0
0
0
0
0
0
7.016423383393162
0
6.971943266643819
0
0
0
0
0
0
0
10.627033706597171
0
6.971943266643819
0
0
0
0
0
0
0
6.971943266643819
0
8.799488486620495
0
0
0
0
0
0
0
6.971943266643819
0
8.799488486620495
0
0
0
0
0
0
0
6.971943266643819
0
6.971943266643819
0
0
0
0
0
0
0
6.971943266643819
0
6.971943266643819
0
0
0
0
0
0
0
6.971943266643819
0
6.971943266643819
0
0
0
0
0
0
0
6.971943266643819
0
8.543584191426389
0
0
0
0
0
0
0
6.971943266643819
0
6.971943266643819
0
0
0
0
0
0
0
6.971943266643819
0
6.971943266643819
0
0
0
0
0
0
0
6.971943266643819
0
8.298516853298585
0
0
0
0
0
0
0
6.971943266643819
0
6.971943266643819
0
0
0
0
0
0
0
6.971943266643819
0
6.971943266643819
0
0
0
0
0
0
0
6.971943266643819
0
6.971943266643819
0
0
0
0
0
0
0
6.971943266643819
0
6.971943266643819
0
0
0
0
0
0
0
6.971943266643819
0
9.638789811359082
0
0
0
0
0
0
0
6.971943266643819
0
8.621753759306188
0
0
0
0
0
0
0
6.971943266643819
0
6.971943266643819
0
0
0
0
0
0
0
6.971943266643819
0
8.799488486620495
0
0
0
0
0
0
0
6.971943266643819
0
6.971943266643819
0
0
0
0
0
0
0
6.971943266643819
0
6.971943266643819
0
0
0
0
0
0
0
7.841258087565523
0
6.971943266643819
0
0
0
0
0
0
0
6.971943266643819
0
7.458697262659193
0
0
0
0
0
0
0
6.971943266643819
0
6.971943266643819
0
0
0
0
0
0
0
6.971943266643819
0
6.971943266643819
0
0
0
0
0
0
0
6.971943266643819
0
6.971943266643819
0
0
0
0
0
0
0
6.971943266643819
0
6.971943266643819
0
0
0
0
0
0
0
6.971943266643819
0
7.766507708680754
0
0
0
0
0
0
0
6.971943266643819
0
6.971943266643819
0
0
0
0
0
0
0
6.971943266643819
0
6.971943266643819
0
0
0
0
0
0
0
6.971943266643819
0
6.971943266643819
0
0
0
0
0
0
0
6.971943266643819
0
7.44162524304798
0
0
0
0
0
0
0
6.971943266643819
0
6.971943266643819
0
0
0
0
0
0
0
6.971943266643819
0
6.971943266643819
0
0
0
0
0
0
0
6.971943266643819
0
6.971943266643819
0
0
0
0
0
0
0
6.971943266643819
0
6.971943266643819
0
0
0
0
0
0
0
6.971943266643819
0
6.971943266643819
0
0
0
0
0
0
0
6.971943266643819
0
6.971943266643819
0
0
0
0
0
0
0
6.971943266643819
0
6.971943266643819
0
0
0
0
0
0
0
6.971943266643819
0
8.49093441416378
0
0
0
0
0
0
0
6.971943266643819
0
7.4119144962962435
0
0
0
0
0
0
0
6.971943266643819
0
6.971943266643819
0
0
0
0
0
0
0
6.971943266643819
0
6.971943266643819
0
0
0
0
0
0
0
6.971943266643819
0
6.971943266643819
0
0
0
0
0
0
0
6.971943266643819
0
6.971943266643819
0
0
0
0
0
0
0
6.971943266643819
0
6.971943266643819
0
0
0
0
0
0
0
6.971943266643819
0
6.971943266643819
0
0
0
0
0
0
0
6.971943266643819
0
8.799488486620495
0
0
0
0
0
0
0
6.971943266643819
0
6.971943266643819
0
0
0
0
0
0
0
6.971943266643819
0
6.971943266643819
0
0
0
0
0
0
0
6.971943266643819
0
6.971943266643819
0
0
0
0
0
0
0
6.971943266643819
0
6.971943266643819
0
0
0
0
0
0
0
6.971943266643819
0
6.971943266643819
0
0
0
0
0
0
0
6.971943266643819
0
6.971943266643819
0
0
0
0
0
0
0
8.298516853298585
0
6.971943266643819
0
0
0
0
0
0
0
6.971943266643819
0
6.971943266643819
0
0
0
0
0
0
0
6.971943266643819
0
6.971943266643819
0
0
0
0
0
0
0
6.971943266643819
0
8.799488486620495
0
0
0
0
0
0
0
6.971943266643819
0
8.799488486620495
0
0
0
0
0
0
0
6.971943266643819
0
8.298516853298585
0
0
0
0
0
0
0
7.2737078526609755
0
7.462801266070455
0
0
0
0
0
0
0
6.971943266643819
0
6.971943266643819
0
0
0
0
0
0
0
6.971943266643819
0
6.971943266643819
0
0
0
0
0
0
0
6.971943266643819
0
10.627033706597171
0
0
0
0
0
0
0
6.971943266643819
0
7.855226450868459
0
0
0
0
0
0
0
6.971943266643819
0
6.971943266643819
0
0
0
0
0
0
0
8.52720490958364
0
6.971943266643819
0
0
0
0
0
0
0
6.971943266643819
0
8.136850050508537
0
0
0
0
0
0
0
5.97
0
6.971943266643819
0
0
0
0
0
0
0
8.298516853298585
0
6.971943266643819
0
0
0
0
0
0
0
6.971943266643819
0
6.971943266643819
0
0
0
0
0
0
0
8.260494623630068
0
6.971943266643819
0
0
0
0
0
0
0
6.971943266643819
0
6.971943266643819
0
0
0
0
0
0
0
6.971943266643819
0
6.971943266643819
0
0
0
0
0
0
0
8.799488486620495
0
8.0604921296511
0
0
0
0
0
0
0
6.971943266643819
0
6.971943266643819
0
0
0
0
0
0
0
6.971943266643819
0
6.971943266643819
0
0
0
0
0
0
0
6.971943266643819
0
6.971943266643819
0
0
0
0
0
0
0
6.971943266643819
0
6.971943266643819
0
0
0
0
0
0
0
6.971943266643819
0
8.65339463375707
0
0
0
0
0
0
0
6.971943266643819
0
8.298516853298585
0
0
0
0
0
0
0
6.971943266643819
0
7.7046824347451235
0
0
0
0
0
0
0
6.971943266643819
0
8.799488486620495
0
0
0
0
0
0
0
6.971943266643819
0
6.971943266643819
0
0
0
0
0
0
0
8.298516853298585
0
6.971943266643819
0
0
0
0
0
0
0
6.971943266643819
0
6.971943266643819
0
0
0
0
0
0
0
6.971943266643819
0
6.971943266643819
0
0
0
0
0
0
0
6.971943266643819
0
6.971943266643819
0
0
0
0
0
0
0
6.971943266643819
0
8.298516853298585
0
0
0
0
0
0
0
6.971943266643819
0
6.971943266643819
0
0
0
0
0
0
0
8.43922378314325
0
7.2798288259689645
0
0
0
0
0
0
0
6.971943266643819
0
8.298516853298585
0
0
0
0
0
0
0
6.971943266643819
0
6.971943266643819
0
0
0
0
0
0
0
6.971943266643819
0
6.971943266643819
0
0
0
0
0
0
0
6.971943266643819
0
6.971943266643819
0
0
0
0
0
0
0
6.971943266643819
0
6.971943266643819
0
0
0
0
0
0
0
6.971943266643819
0
6.971943266643819
0
0
0
0
0
0
0
6.971943266643819
0
6.971943266643819
0
0
0
0
0
0
0
6.971943266643819
0
8.799488486620495
0
0
0
0
0
0
0
6.971943266643819
0
6.971943266643819
0
0
0
0
0
0
0
8.252084478170634
0
6.971943266643819
0
0
0
0
0
0
0
6.971943266643819
0
6.971943266643819
0
0
0
0
0
0
0
6.971943266643819
0
8.298516853298585
0
0
0
0
0
0
0
6.971943266643819
0
6.971943266643819
0
0
0
0
0
0
0
6.971943266643819
0
7.237040261957681
0
0
0
0
0
0
0
6.971943266643819
0
6.971943266643819
0
0
0
0
0
0
0
6.971943266643819
0
7.1970033982696915
0
0
0
0
0
0
0
8.799488486620495
0
8.298516853298585
0
0
0
0
0
0
0
6.971943266643819
0
7.911674410420556
0
0
0
0
0
0
0
6.971943266643819
0
8.799488486620495
0
0
0
0
0
0
0
6.971943266643819
0
6.971943266643819
0
0
0
0
0
0
0
6.971943266643819
0
8.799488486620495
0
0
0
0
0
0
0
8.799488486620495
0
6.971943266643819
0
0
0
0
0
0
0
6.971943266643819
0
6.971943266643819
0
0
0
0
0
0
0
6.971943266643819
0
6.971943266643819
0
0
0
0
0
0
0
6.971943266643819
0
6.971943266643819
0
0
0
0
0
0
0
6.971943266643819
0
6.971943266643819
0
0
0
0
0
0
0
6.971943266643819
0
6.971943266643819
0
0
0
0
0
0
0
8.298516853298585
0
7.252692138908868
0
0
0
0
0
0
0
6.971943266643819
0
6.971943266643819
0
0
0
0
0
0
0
6.971943266643819
0
6.971943266643819
0
0
0
0
0
0
0
6.971943266643819
0
6.971943266643819
0
0
0
0
0
0
0
6.971943266643819
0
6.971943266643819
0
0
0
0
0
0
0
8.726508439941206
0
6.971943266643819
0
0
0
0
0
0
0
6.971943266643819
0
6.971943266643819
0
0
0
0
0
0
0
6.971943266643819
0
6.971943266643819
0
0
0
0
0
0
0
6.971943266643819
0
8.611030598299259
0
0
0
0
0
0
0
6.971943266643819
0
6.971943266643819
0
0
0
0
0
0
0
7.09989735770709
0
6.971943266643819
0
0
0
0
0
0
0
6.971943266643819
0
6.971943266643819
0
0
0
0
0
0
0
6.971943266643819
0
6.971943266643819
0
0
0
0
0
0
0
6.971943266643819
0
7.781148146290315
0
0
0
0
0
0
0
6.971943266643819
0
6.971943266643819
0
0
0
0
0
0
0
6.971943266643819
0
6.971943266643819
0
0
0
0
0
0
0
6.971943266643819
0
8.799488486620495
0
0
0
0
0
0
0
6.971943266643819
0
6.971943266643819
0
0
0
0
0
0
0
6.971943266643819
0
6.971943266643819
0
0
0
0
0
0
0
6.971943266643819
0
6.971943266643819
0
0
0
0
0
0
0
6.971943266643819
0
6.971943266643819
0
0
0
0
0
0
0
6.971943266643819
0
6.971943266643819
0
0
0
0
0
0
0
6.971943266643819
0
6.971943266643819
0
0
0
0
0
0
0
6.971943266643819
0
6.971943266643819
0
0
0
0
0
0
0
6.971943266643819
0
6.971943266643819
0
0
0
0
0
0
0
8.298516853298585
0
6.971943266643819
0
0
0
0
0
0
0
6.971943266643819
0
8.799488486620495
0
0
0
0
0
0
0
6.971943266643819
0
6.971943266643819
0
0
0
0
0
0
0
6.971943266643819
0
6.971943266643819
0
0
0
0
0
0
0
6.971943266643819
0
6.971943266643819
0
0
0
0
0
0
0
8.298516853298585
0
8.298516853298585
0
0
0
0
0
0
0
6.971943266643819
0
6.971943266643819
0
0
0
0
0
0
0
8.544217387005713
0
6.971943266643819
0
0
0
0
0
0
0
8.799488486620495
0
6.971943266643819
0
0
0
0
0
0
0
6.971943266643819
0
6.971943266643819
0
0
0
0
0
0
0
6.971943266643819
0
8.799488486620495
0
0
0
0
0
0
0
6.971943266643819
0
6.971943266643819
0
0
0
0
0
0
0
6.971943266643819
0
6.971943266643819
0
0
0
0
0
0
0
6.971943266643819
0
6.971943266643819
0
0
0
0
0
0
0
6.971943266643819
0
6.971943266643819
0
0
0
0
0
0
0
6.971943266643819
0
6.971943266643819
0
0
0
0
0
0
0
6.971943266643819
0
6.971943266643819
0
0
0
0
0
0
0
6.971943266643819
0
8.799488486620495
0
0
0
0
0
0
0
8.298516853298585
0
6.971943266643819
0
0
0
0
0
0
0
6.971943266643819
0
6.971943266643819
0
0
0
0
0
0
0
6.971943266643819
0
6.971943266643819
0
0
0
0
0
0
0
6.971943266643819
0
6.971943266643819
0
0
0
0
0
0
0
6.971943266643819
0
8.115973881345651
0
0
0
0
0
0
0
8.298516853298585
0
6.971943266643819
0
0
0
0
0
0
0
6.971943266643819
0
6.971943266643819
0
0
0
0
0
0
0
6.971943266643819
0
6.971943266643819
0
0
0
0
0
0
0
6.971943266643819
0
7.351008042929729
0
0
0
0
0
0
0
6.971943266643819
0
6.971943266643819
0
0
0
0
0
0
0
6.971943266643819
0
6.971943266643819
0
0
0
0
0
0
0
6.971943266643819
0
6.971943266643819
0
0
0
0
0
0
0
7.3473293272436235
0
6.971943266643819
0
0
0
0
0
0
0
6.971943266643819
0
6.971943266643819
0
0
0
0
0
0
0
6.971943266643819
0
6.971943266643819
0
0
0
0
0
0
0
6.971943266643819
0
6.971943266643819
0
0
0
0
0
0
0
6.971943266643819
0
6.971943266643819
0
0
0
0
0
0
0
6.971943266643819
0
6.971943266643819
0
0
0
0
0
0
0
6.971943266643819
0
6.971943266643819
0
0
0
0
0
0
0
6.971943266643819
0
6.971943266643819
0
0
0
0
0
0
0
6.971943266643819
0
6.971943266643819
0
0
0
0
0
0
0
6.971943266643819
0
6.971943266643819
0
0
0
0
0
0
0
6.971943266643819
0
6.971943266643819
0
0
0
0
0
0
0
6.971943266643819
0
6.971943266643819
0
0
0
0
0
0
0
6.971943266643819
0
6.971943266643819
0
0
0
0
0
0
0
6.971943266643819
0
6.971943266643819
0
0
0
0
0
0
0
6.971943266643819
0
6.971943266643819
0
0
0
0
0
0
0
6.971943266643819
0
6.971943266643819
0
0
0
0
0
0
0
6.971943266643819
0
6.971943266643819
0
0
0
0
0
0
0
6.971943266643819
0
8.651367460864188
0
0
0
0
0
0
0
6.971943266643819
0
6.971943266643819
0
0
0
0
0
0
0
6.971943266643819
0
6.971943266643819
0
0
0
0
0
0
0
6.971943266643819
0
6.971943266643819
0
0
0
0
0
0
0
6.971943266643819
0
6.971943266643819
0
0
0
0
0
0
0
6.971943266643819
0
6.971943266643819
0
0
0
0
0
0
0
6.971943266643819
0
6.971943266643819
0
0
0
0
0
0
0
6.971943266643819
0
6.971943266643819
0
0
0
0
0
0
0
6.971943266643819
0
6.971943266643819
0
0
0
0
0
0
0
6.971943266643819
0
6.971943266643819
0
0
0
0
0
0
0
6.971943266643819
0
6.971943266643819
0
0
0
0
0
0
0
6.971943266643819
0
6.971943266643819
0
0
0
0
0
0
0
6.971943266643819
0
6.971943266643819
0
0
0
0
0
0
0
6.971943266643819
0
6.971943266643819
0
0
0
0
0
0
0
6.971943266643819
0
6.971943266643819
0
0
0
0
0
0
0
6.971943266643819
0
6.971943266643819
0
0
0
0
0
0
0
6.971943266643819
0
6.971943266643819
0
0
0
0
0
0
0
6.971943266643819
0
6.971943266643819
0
0
0
0
0
0
0
6.971943266643819
0
6.971943266643819
0
0
0
0
0
0
0
6.971943266643819
0
6.971943266643819
0
0
0
0
0
0
0
6.971943266643819
0
6.971943266643819
0
0
0
0
0
0
0
6.971943266643819
0
6.971943266643819
0
0
0
0
0
0
0
6.971943266643819
0
6.971943266643819
0
0
0
0
0
0
0
6.971943266643819
0
6.971943266643819
0
0
0
0
0
0
0
6.971943266643819
0
6.971943266643819
0
0
0
0
0
0
0
7.19772492073627
0
6.971943266643819
0
0
0
0
0
0
0
6.971943266643819
0
8.799488486620495
0
0
0
0
0
0
0
6.971943266643819
0
6.971943266643819
0
0
0
0
0
0
0
6.971943266643819
0
6.971943266643819
0
0
0
0
0
0
0
8.119883303107168
0
6.971943266643819
0
0
0
0
0
0
0
6.971943266643819
0
7.327147343504164
0
0
0
0
0
0
0
8.799488486620495
0
6.971943266643819
0
0
0
0
0
0
0
6.971943266643819
0
6.971943266643819
0
0
0
0
0
0
0
6.971943266643819
0
8.799488486620495
0
0
0
0
0
0
0
6.971943266643819
0
6.971943266643819
0
0
0
0
0
0
0
6.971943266643819
0
6.971943266643819
0
0
0
0
0
0
0
6.971943266643819
0
6.971943266643819
0
0
0
0
0
0
0
6.971943266643819
0
6.971943266643819
0
0
0
0
0
0
0
8.382750819875433
0
6.971943266643819
0
0
0
0
0
0
0
6.971943266643819
0
6.971943266643819
0
0
0
0
0
0
0
6.971943266643819
0
6.971943266643819
0
0
0
0
0
0
0
6.971943266643819
0
6.971943266643819
0
0
0
0
0
0
0
6.971943266643819
0
6.971943266643819
0
0
0
0
0
0
0
6.971943266643819
0
8.140735932739416
0
0
0
0
0
0
0
6.971943266643819
0
6.971943266643819
0
0
0
0
0
0
0
6.971943266643819
0
6.971943266643819
0
0
0
0
0
0
0
6.971943266643819
0
6.971943266643819
0
0
0
0
0
0
0
6.971943266643819
0
6.971943266643819
0
0
0
0
0
0
0
6.971943266643819
0
6.971943266643819
0
0
0
0
0
0
0
6.971943266643819
0
6.971943266643819
0
0
0
0
0
0
0
6.971943266643819
0
7.104572788637595
0
0
0
0
0
0
0
6.971943266643819
0
6.971943266643819
0
0
0
0
0
0
0
6.971943266643819
0
6.971943266643819
0
0
0
0
0
0
0
7.608531292417267
0
6.971943266643819
0
0
0
0
0
0
0
0
0
0
0
0
0
6.971943266643819
0
6.971943266643819
0
0
0
0
0
0
0
6.971943266643819
0
8.799488486620495
0
0
0
0
0
0
0
8.007772898232384
0
8.375263256564931
0
0
0
0
0
0
0
6.971943266643819
0
6.971943266643819
0
0
0
0
0
0
0
6.971943266643819
0
6.971943266643819
0
0
0
0
0
0
0
8.069479141857839
0
6.971943266643819
0
0
0
0
0
0
0
6.971943266643819
0
8.799488486620495
0
0
0
0
0
0
0
8.799488486620495
0
5.97
0
0
0
0
0
0
0
6.971943266643819
0
6.971943266643819
0
0
0
0
0
0
0
6.971943266643819
0
6.971943266643819
0
0
0
0
0
0
0
8.643677844068241
0
6.971943266643819
0
0
0
0
0
0
0
6.971943266643819
0
6.971943266643819
0
0
0
0
0
0
0
6.971943266643819
0
9.508050483471944
0
0
0
0
0
0
0
6.971943266643819
0
8.298516853298585
0
0
0
0
0
0
0
6.971943266643819
0
6.971943266643819
0
0
0
0
0
0
0
6.971943266643819
0
6.971943266643819
0
0
0
0
0
0
0
6.971943266643819
0
7.975871544545166
0
0
0
0
0
0
0
6.971943266643819
0
6.971943266643819
0
0
0
0
0
0
0
6.971943266643819
0
6.971943266643819
0
0
0
0
0
0
0
5.97
0
8.721227449195654
0
0
0
0
0
0
0
8.799488486620495
0
6.971943266643819
0
0
0
0
0
0
0
6.971943266643819
0
6.971943266643819
0
0
0
0
0
0
0
6.971943266643819
0
6.971943266643819
0
0
0
0
0
0
0
6.971943266643819
0
8.799488486620495
0
0
0
0
0
0
0
6.971943266643819
0
8.799488486620495
0
0
0
0
0
0
0
6.971943266643819
0
6.971943266643819
0
0
0
0
0
0
0
6.971943266643819
0
6.971943266643819
0
0
0
0
0
0
0
6.971943266643819
0
6.971943266643819
0
0
0
0
0
0
0
6.971943266643819
0
6.971943266643819
0
0
0
0
0
0
0
6.971943266643819
0
6.971943266643819
0
0
0
0
0
0
0
6.971943266643819
0
6.971943266643819
0
0
0
0
0
0
0
6.971943266643819
0
6.971943266643819
0
0
0
0
0
0
0
6.971943266643819
0
6.971943266643819
0
0
0
0
0
0
0
6.971943266643819
0
6.971943266643819
0
0
0
0
0
0
0
6.971943266643819
0
6.971943266643819
0
0
0
0
0
0
0
6.971943266643819
0
8.799488486620495
0
0
0
0
0
0
0
6.971943266643819
0
6.971943266643819
0
0
0
0
0
0
0
6.971943266643819
0
6.971943266643819
0
0
0
0
0
0
0
6.971943266643819
0
6.971943266643819
0
0
0
0
0
0
0
7.39938720106869
0
6.971943266643819
0
0
0
0
0
0
0
6.971943266643819
0
6.971943266643819
0
0
0
0
0
0
0
6.971943266643819
0
6.971943266643819
0
0
0
0
0
0
0
6.971943266643819
0
6.971943266643819
0
0
0
0
0
0
0
6.971943266643819
0
6.971943266643819
0
0
0
0
0
0
0
6.971943266643819
0
8.298516853298585
0
0
0
0
0
0
0
6.971943266643819
0
6.971943266643819
0
0
0
0
0
0
0
6.971943266643819
0
6.971943266643819
0
0
0
0
0
0
0
6.971943266643819
0
8.799488486620495
0
0
0
0
0
0
0
8.379955823387332
0
6.971943266643819
0
0
0
0
0
0
0
6.971943266643819
0
6.971943266643819
0
0
0
0
0
0
0
6.971943266643819
0
8.241615944377871
0
0
0
0
0
0
0
6.971943266643819
0
6.971943266643819
0
0
0
0
0
0
0
6.971943266643819
0
6.971943266643819
0
0
0
0
0
0
0
6.971943266643819
0
6.971943266643819
0
0
0
0
0
0
0
8.075230659207852
0
10.627033706597171
0
0
0
0
0
0
0
6.971943266643819
0
6.971943266643819
0
0
0
0
0
0
0
6.971943266643819
0
8.799488486620495
0
0
0
0
0
0
0
6.971943266643819
0
6.971943266643819
0
0
0
0
0
0
0
6.971943266643819
0
6.971943266643819
0
0
0
0
0
0
0
6.971943266643819
0
6.971943266643819
0
0
0
0
0
0
0
8.799488486620495
0
5.97
0
0
0
0
0
0
0
6.971943266643819
0
6.971943266643819
0
0
0
0
0
0
0
6.971943266643819
0
8.298516853298585
0
0
0
0
0
0
0
7.053226654853317
0
6.971943266643819
0
0
0
0
0
0
0
6.971943266643819
0
6.971943266643819
0
0
0
0
0
0
0
6.971943266643819
0
6.971943266643819
0
0
0
0
0
0
0
6.971943266643819
0
6.971943266643819
0
0
0
0
0
0
0
6.971943266643819
0
8.799488486620495
0
0
0
0
0
0
0
8.334757367639869
0
6.971943266643819
0
0
0
0
0
0
0
6.971943266643819
0
6.971943266643819
0
0
0
0
0
0
0
6.971943266643819
0
6.971943266643819
0
0
0
0
0
0
0
6.971943266643819
0
6.971943266643819
0
0
0
0
0
0
0
6.971943266643819
0
6.971943266643819
0
0
0
0
0
0
0
8.799488486620495
0
8.799488486620495
0
0
0
0
0
0
0
6.971943266643819
0
6.971943266643819
0
0
0
0
0
0
0
6.971943266643819
0
6.971943266643819
0
0
0
0
0
0
0
6.971943266643819
0
6.971943266643819
0
0
0
0
0
0
0
6.971943266643819
0
6.971943266643819
0
0
0
0
0
0
0
6.971943266643819
0
8.436789967750517
0
0
0
0
0
0
0
6.971943266643819
0
15.048972564776603
0
0
0
0
0
0
0
6.971943266643819
0
6.971943266643819
0
0
0
0
0
0
0
7.3838069767685734
0
6.971943266643819
0
0
0
0
0
0
0
6.971943266643819
0
8.433433699327866
0
0
0
0
0
0
0
6.971943266643819
0
6.971943266643819
0
0
0
0
0
0
0
6.971943266643819
0
6.971943266643819
0
0
0
0
0
0
0
6.971943266643819
0
6.971943266643819
0
0
0
0
0
0
0
6.971943266643819
0
6.971943266643819
0
0
0
0
0
0
0
8.799488486620495
0
6.470971633321909
0
0
0
0
0
0
0
8.199888002817392
0
6.971943266643819
0
0
0
0
0
0
0
8.314298192883967
0
6.971943266643819
0
0
0
0
0
0
0
6.971943266643819
0
8.298516853298585
0
0
0
0
0
0
0
6.971943266643819
0
6.971943266643819
0
0
0
0
0
0
0
6.971943266643819
0
6.971943266643819
0
0
0
0
0
0
0
6.971943266643819
0
6.971943266643819
0
0
0
0
0
0
0
6.971943266643819
0
6.971943266643819
0
0
0
0
0
0
0
6.971943266643819
0
6.971943266643819
0
0
0
0
0
0
0
8.799488486620495
0
5.97
0
0
0
0
0
0
0
6.971943266643819
0
6.971943266643819
0
0
0
0
0
0
0
6.971943266643819
0
6.971943266643819
0
0
0
0
0
0
0
8.799488486620495
0
6.971943266643819
0
0
0
0
0
0
0
6.971943266643819
0
6.971943266643819
0
0
0
0
0
0
0
6.971943266643819
0
6.971943266643819
0
0
0
0
0
0
0
6.971943266643819
0
6.971943266643819
0
0
0
0
0
0
0
6.971943266643819
0
6.971943266643819
0
0
0
0
0
0
0
6.971943266643819
0
6.971943266643819
0
0
0
0
0
0
0
8.799488486620495
0
5.97
0
0
0
0
0
0
0
6.971943266643819
0
7.14763177695716
0
0
0
0
0
0
0
6.971943266643819
0
6.971943266643819
0
0
0
0
0
0
0
6.971943266643819
0
8.799488486620495
0
0
0
0
0
0
0
6.971943266643819
0
8.799488486620495
0
0
0
0
0
0
0
7.546419571628368
0
8.799488486620495
0
0
0
0
0
0
0
6.971943266643819
0
7.071511856293342
0
0
0
0
0
0
0
6.971943266643819
0
6.971943266643819
0
0
0
0
0
0
0
8.799488486620495
0
5.97
0
0
0
0
0
0
0
8.685506881336014
0
6.971943266643819
0
0
0
0
0
0
0
6.971943266643819
0
6.971943266643819
0
0
0
0
0
0
0
6.971943266643819
0
6.971943266643819
0
0
0
0
0
0
0
6.971943266643819
0
8.799488486620495
0
0
0
0
0
0
0
6.971943266643819
0
6.971943266643819
0
0
0
0
0
0
0
6.971943266643819
0
6.971943266643819
0
0
0
0
0
0
0
6.971943266643819
0
6.971943266643819
0
0
0
0
0
0
0
6.971943266643819
0
8.286300157403273
0
0
0
0
0
0
0
7.9201328568367
0
6.971943266643819
0
0
0
0
0
0
0
6.971943266643819
0
6.971943266643819
0
0
0
0
0
0
0
8.799488486620495
0
5.97
0
0
0
0
0
0
0
6.971943266643819
0
6.971943266643819
0
0
0
0
0
0
0
6.971943266643819
0
6.971943266643819
0
0
0
0
0
0
0
6.971943266643819
0
6.971943266643819
0
0
0
0
0
0
0
6.971943266643819
0
6.971943266643819
0
0
0
0
0
0
0
6.971943266643819
0
6.971943266643819
0
0
0
0
0
0
0
6.971943266643819
0
6.971943266643819
0
0
0
0
0
0
0
8.799488486620495
0
5.97
0
0
0
0
0
0
0
6.971943266643819
0
6.971943266643819
0
0
0
0
0
0
0
6.971943266643819
0
6.971943266643819
0
0
0
0
0
0
0
6.971943266643819
0
6.971943266643819
0
0
0
0
0
0
0
6.971943266643819
0
8.799488486620495
0
0
0
0
0
0
0
6.971943266643819
0
6.971943266643819
0
0
0
0
0
0
0
6.971943266643819
0
8.799488486620495
0
0
0
0
0
0
0
6.971943266643819
0
6.971943266643819
0
0
0
0
0
0
0
6.971943266643819
0
6.971943266643819
0
0
0
0
0
0
0
6.971943266643819
0
6.971943266643819
0
0
0
0
0
0
0
6.971943266643819
0
6.971943266643819
0
0
0
0
0
0
0
8.799488486620495
0
6.971943266643819
0
0
0
0
0
0
0
6.971943266643819
0
6.971943266643819
0
0
0
0
0
0
0
6.971943266643819
0
6.971943266643819
0
0
0
0
0
0
0
6.971943266643819
0
6.971943266643819
0
0
0
0
0
0
0
6.971943266643819
0
8.298516853298585
0
0
0
0
0
0
0
8.799488486620495
0
5.97
0
0
0
0
0
0
0
6.971943266643819
0
8.386546338321523
0
0
0
0
0
0
0
6.971943266643819
0
6.971943266643819
0
0
0
0
0
0
0
6.971943266643819
0
6.971943266643819
0
0
0
0
0
0
0
6.971943266643819
0
6.971943266643819
0
0
0
0
0
0
0
6.971943266643819
0
8.799488486620495
0
0
0
0
0
0
0
6.971943266643819
0
8.70774609265589
0
0
0
0
0
0
0
6.971943266643819
0
6.971943266643819
0
0
0
0
0
0
0
6.971943266643819
0
6.971943266643819
0
0
0
0
0
0
0
6.971943266643819
0
6.971943266643819
0
0
0
0
0
0
0
6.971943266643819
0
6.971943266643819
0
0
0
0
0
0
0
6.971943266643819
0
6.971943266643819
0
0
0
0
0
0
0
6.971943266643819
0
6.971943266643819
0
0
0
0
0
0
0
6.971943266643819
0
6.971943266643819
0
0
0
0
0
0
0
6.971943266643819
0
6.971943266643819
0
0
0
0
0
0
0
6.971943266643819
0
6.971943266643819
0
0
0
0
0
0
0
6.971943266643819
0
6.971943266643819
0
0
0
0
0
0
0
8.799488486620495
0
6.971943266643819
0
0
0
0
0
0
0
8.799488486620495
0
5.97
0
0
0
0
0
0
0
7.776282374956718
0
6.971943266643819
0
0
0
0
0
0
0
8.799488486620495
0
5.97
0
0
0
0
0
0
0
6.971943266643819
0
6.971943266643819
0
0
0
0
0
0
0
8.023869647246832
0
6.971943266643819
0
0
0
0
0
0
0
6.971943266643819
0
6.971943266643819
0
0
0
0
0
0
0
6.971943266643819
0
6.971943266643819
0
0
0
0
0
0
0
6.971943266643819
0
6.971943266643819
0
0
0
0
0
0
0
8.799488486620495
0
8.799488486620495
0
0
0
0
0
0
0
6.971943266643819
0
6.971943266643819
0
0
0
0
0
0
0
6.971943266643819
0
6.971943266643819
0
0
0
0
0
0
0
6.971943266643819
0
6.971943266643819
0
0
0
0
0
0
0
6.971943266643819
0
6.971943266643819
0
0
0
0
0
0
0
6.971943266643819
0
6.971943266643819
0
0
0
0
0
0
0
6.971943266643819
0
8.799488486620495
0
0
0
0
0
0
0
6.971943266643819
0
6.971943266643819
0
0
0
0
0
0
0
6.971943266643819
0
7.705687376535879
0
0
0
0
0
0
0
6.971943266643819
0
6.971943266643819
0
0
0
0
0
0
0
7.199398621381567
0
6.971943266643819
0
0
0
0
0
0
0
6.971943266643819
0
6.971943266643819
0
0
0
0
0
0
0
6.971943266643819
0
6.971943266643819
0
0
0
0
0
0
0
6.971943266643819
0
6.971943266643819
0
0
0
0
0
0
0
6.971943266643819
0
6.971943266643819
0
0
0
0
0
0
0
6.971943266643819
0
6.971943266643819
0
0
0
0
0
0
0
6.971943266643819
0
6.971943266643819
0
0
0
0
0
0
0
6.971943266643819
0
6.971943266643819
0
0
0
0
0
0
0
6.971943266643819
0
6.971943266643819
0
0
0
0
0
0
0
6.971943266643819
0
6.971943266643819
0
0
0
0
0
0
0
6.971943266643819
0
6.971943266643819
0
0
0
0
0
0
0
6.971943266643819
0
8.028790779727167
0
0
0
0
0
0
0
6.971943266643819
0
6.971943266643819
0
0
0
0
0
0
0
7.002456426572456
0
6.971943266643819
0
0
0
0
0
0
0
6.971943266643819
0
6.971943266643819
0
0
0
0
0
0
0
6.971943266643819
0
8.799488486620495
0
0
0
0
0
0
0
6.971943266643819
0
6.971943266643819
0
0
0
0
0
0
0
6.971943266643819
0
6.971943266643819
0
0
0
0
0
0
0
6.971943266643819
0
6.971943266643819
0
0
0
0
0
0
0
6.971943266643819
0
6.971943266643819
0
0
0
0
0
0
0
6.971943266643819
0
6.971943266643819
0
0
0
0
0
0
0
6.971943266643819
0
6.971943266643819
0
0
0
0
0
0
0
6.971943266643819
0
6.971943266643819
0
0
0
0
0
0
0
6.971943266643819
0
6.971943266643819
0
0
0
0
0
0
0
6.971943266643819
0
6.971943266643819
0
0
0
0
0
0
0
6.971943266643819
0
6.971943266643819
0
0
0
0
0
0
0
6.971943266643819
0
6.971943266643819
0
0
0
0
0
0
0
6.971943266643819
0
6.971943266643819
0
0
0
0
0
0
0
6.971943266643819
0
6.971943266643819
0
0
0
0
0
0
0
6.971943266643819
0
6.971943266643819
0
0
0
0
0
0
0
6.971943266643819
0
8.298516853298585
0
0
0
0
0
0
0
6.971943266643819
0
6.971943266643819
0
0
0
0
0
0
0
6.971943266643819
0
6.971943266643819
0
0
0
0
0
0
0
6.971943266643819
0
7.204488156527617
0
0
0
0
0
0
0
6.971943266643819
0
6.971943266643819
0
0
0
0
0
0
0
6.971943266643819
0
6.971943266643819
0
0
0
0
0
0
0
6.971943266643819
0
8.556033487705433
0
0
0
0
0
0
0
6.971943266643819
0
6.971943266643819
0
0
0
0
0
0
0
6.971943266643819
0
8.799488486620495
0
0
0
0
0
0
0
6.971943266643819
0
6.971943266643819
0
0
0
0
0
0
0
8.66280050963794
0
7.255218573579915
0
0
0
0
0
0
0
6.971943266643819
0
6.971943266643819
0
0
0
0
0
0
0
6.971943266643819
0
6.971943266643819
0
0
0
0
0
0
0
6.971943266643819
0
6.971943266643819
0
0
0
0
0
0
0
6.971943266643819
0
6.971943266643819
0
0
0
0
0
0
0
7.394533757663487
0
6.971943266643819
0
0
0
0
0
0
0
8.471501519879483
0
7.385774228142421
0
0
0
0
0
0
0
6.971943266643819
0
8.049827809803451
0
0
0
0
0
0
0
6.971943266643819
0
6.971943266643819
0
0
0
0
0
0
0
6.971943266643819
0
6.971943266643819
0
0
0
0
0
0
0
6.971943266643819
0
7.428993082872401
0
0
0
0
0
0
0
6.971943266643819
0
6.971943266643819
0
0
0
0
0
0
0
6.971943266643819
0
6.971943266643819
0
0
0
0
0
0
0
6.971943266643819
0
6.971943266643819
0
0
0
0
0
0
0
6.971943266643819
0
6.971943266643819
0
0
0
0
0
0
0
6.971943266643819
0
6.971943266643819
0
0
0
0
0
0
0
6.971943266643819
0
6.971943266643819
0
0
0
0
0
0
0
6.971943266643819
0
8.298516853298585
0
0
0
0
0
0
0
6.971943266643819
0
7.2069702006842835
0
0
0
0
0
0
0
6.971943266643819
0
8.799488486620495
0
0
0
0
0
0
0
6.971943266643819
0
6.971943266643819
0
0
0
0
0
0
0
6.971943266643819
0
6.971943266643819
0
0
0
0
0
0
0
6.971943266643819
0
6.971943266643819
0
0
0
0
0
0
0
8.799488486620495
0
7.376133506858227
0
0
0
0
0
0
0
8.799488486620495
0
5.97
0
0
0
0
0
0
0
6.971943266643819
0
6.971943266643819
0
0
0
0
0
0
0
6.971943266643819
0
6.971943266643819
0
0
0
0
0
0
0
6.971943266643819
0
6.971943266643819
0
0
0
0
0
0
0
6.971943266643819
0
6.971943266643819
0
0
0
0
0
0
0
6.971943266643819
0
6.971943266643819
0
0
0
0
0
0
0
6.971943266643819
0
6.971943266643819
0
0
0
0
0
0
0
8.799488486620495
0
6.971943266643819
0
0
0
0
0
0
0
7.116501804178236
0
6.971943266643819
0
0
0
0
0
0
0
6.971943266643819
0
8.671321579448898
0
0
0
0
0
0
0
6.971943266643819
0
6.971943266643819
0
0
0
0
0
0
0
6.971943266643819
0
6.971943266643819
0
0
0
0
0
0
0
6.971943266643819
0
8.533725068936848
0
0
0
0
0
0
0
6.971943266643819
0
6.971943266643819
0
0
0
0
0
0
0
6.971943266643819
0
6.971943266643819
0
0
0
0
0
0
0
8.799488486620495
0
6.971943266643819
0
0
0
0
0
0
0
6.971943266643819
0
6.971943266643819
0
0
0
0
0
0
0
6.971943266643819
0
6.971943266643819
0
0
0
0
0
0
0
6.971943266643819
0
6.971943266643819
0
0
0
0
0
0
0
6.971943266643819
0
7.612251710163219
0
0
0
0
0
0
0
6.971943266643819
0
6.971943266643819
0
0
0
0
0
0
0
6.971943266643819
0
6.971943266643819
0
0
0
0
0
0
0
6.971943266643819
0
6.971943266643819
0
0
0
0
0
0
0
6.971943266643819
0
6.971943266643819
0
0
0
0
0
0
0
6.971943266643819
0
6.971943266643819
0
0
0
0
0
0
0
13.263887241372645
0
16.234858056592252
0
0
0
0
0
0
0
8.298516853298585
0
13.615967932448477
0
0
0
0
0
0
0
6.971943266643819
0
6.971943266643819
0
0
0
0
0
0
0
6.971943266643819
0
9.986661247278693
0
0
0
0
0
0
0
6.971943266643819
0
9.681402825196011
0
0
0
0
0
0
0
6.971943266643819
0
6.971943266643819
0
0
0
0
0
0
0
6.971943266643819
0
8.407554230070444
0
0
0
0
0
0
0
6.971943266643819
0
6.971943266643819
0
0
0
0
0
0
0
6.971943266643819
0
6.971943266643819
0
0
0
0
0
0
0
6.971943266643819
0
8.445062213566999
0
0
0
0
0
0
0
8.799488486620495
0
5.97
0
0
0
0
0
0
0
6.971943266643819
0
6.971943266643819
0
0
0
0
0
0
0
6.971943266643819
0
6.971943266643819
0
0
0
0
0
0
0
8.768640956191849
0
6.971943266643819
0
0
0
0
0
0
0
6.971943266643819
0
6.971943266643819
0
0
0
0
0
0
0
6.971943266643819
0
6.971943266643819
0
0
0
0
0
0
0
7.298672676713258
0
6.971943266643819
0
0
0
0
0
0
0
6.971943266643819
0
6.971943266643819
0
0
0
0
0
0
0
6.971943266643819
0
7.768611399529375
0
0
0
0
0
0
0
6.971943266643819
0
6.971943266643819
0
0
0
0
0
0
0
6.971943266643819
0
6.971943266643819
0
0
0
0
0
0
0
6.971943266643819
0
6.971943266643819
0
0
0
0
0
0
0
6.971943266643819
0
6.971943266643819
0
0
0
0
0
0
0
6.971943266643819
0
6.971943266643819
0
0
0
0
0
0
0
6.971943266643819
0
6.971943266643819
0
0
0
0
0
0
0
6.971943266643819
0
6.971943266643819
0
0
0
0
0
0
0
6.971943266643819
0
6.971943266643819
0
0
0
0
0
0
0
6.971943266643819
0
6.971943266643819
0
0
0
0
0
0
0
6.971943266643819
0
6.971943266643819
0
0
0
0
0
0
0
6.971943266643819
0
8.799488486620495
0
0
0
0
0
0
0
6.971943266643819
0
7.108845877704741
0
0
0
0
0
0
0
6.971943266643819
0
6.971943266643819
0
0
0
0
0
0
0
6.971943266643819
0
6.971943266643819
0
0
0
0
0
0
0
8.651887698989048
0
8.799488486620495
0
0
0
0
0
0
0
6.971943266643819
0
6.971943266643819
0
0
0
0
0
0
0
6.971943266643819
0
6.971943266643819
0
0
0
0
0
0
0
6.971943266643819
0
7.954987034948083
0
0
0
0
0
0
0
6.971943266643819
0
6.971943266643819
0
0
0
0
0
0
0
6.971943266643819
0
6.971943266643819
0
0
0
0
0
0
0
6.971943266643819
0
6.971943266643819
0
0
0
0
0
0
0
6.971943266643819
0
6.971943266643819
0
0
0
0
0
0
0
6.971943266643819
0
8.799488486620495
0
0
0
0
0
0
0
6.971943266643819
0
6.971943266643819
0
0
0
0
0
0
0
6.971943266643819
0
6.971943266643819
0
0
0
0
0
0
0
6.971943266643819
0
6.971943266643819
0
0
0
0
0
0
0
6.971943266643819
0
6.971943266643819
0
0
0
0
0
0
0
8.799488486620495
0
8.024353842344167
0
0
0
0
0
0
0
6.971943266643819
0
6.971943266643819
0
0
0
0
0
0
0
6.971943266643819
0
7.364150292511802
0
0
0
0
0
0
0
6.971943266643819
0
6.971943266643819
0
0
0
0
0
0
0
6.971943266643819
0
6.971943266643819
0
0
0
0
0
0
0
8.799488486620495
0
5.97
0
0
0
0
0
0
0
8.799488486620495
0
6.971943266643819
0
0
0
0
0
0
0
6.971943266643819
0
8.799488486620495
0
0
0
0
0
0
0
6.971943266643819
0
6.971943266643819
0
0
0
0
0
0
0
6.971943266643819
0
6.971943266643819
0
0
0
0
0
0
0
6.971943266643819
0
6.971943266643819
0
0
0
0
0
0
0
8.799488486620495
0
5.97
0
0
0
0
0
0
0
6.971943266643819
0
6.971943266643819
0
0
0
0
0
0
0
7.224986014956459
0
8.298516853298585
0
0
0
0
0
0
0
6.971943266643819
0
6.971943266643819
0
0
0
0
0
0
0
6.971943266643819
0
6.971943266643819
0
0
0
0
0
0
0
6.971943266643819
0
6.971943266643819
0
0
0
0
0
0
0
8.799488486620495
0
6.971943266643819
0
0
0
0
0
0
0
6.971943266643819
0
6.971943266643819
0
0
0
0
0
0
0
6.971943266643819
0
8.482564555704295
0
0
0
0
0
0
0
6.971943266643819
0
6.971943266643819
0
0
0
0
0
0
0
8.108095288291075
0
6.971943266643819
0
0
0
0
0
0
0
6.971943266643819
0
6.971943266643819
0
0
0
0
0
0
0
6.971943266643819
0
6.971943266643819
0
0
0
0
0
0
0
6.971943266643819
0
6.971943266643819
0
0
0
0
0
0
0
6.971943266643819
0
6.971943266643819
0
0
0
0
0
0
0
6.971943266643819
0
8.705246693650366
0
0
0
0
0
0
0
6.971943266643819
0
6.971943266643819
0
0
0
0
0
0
0
6.971943266643819
0
6.971943266643819
0
0
0
0
0
0
0
8.799488486620495
0
5.97
0
0
0
0
0
0
0
6.971943266643819
0
6.971943266643819
0
0
0
0
0
0
0
6.971943266643819
0
6.971943266643819
0
0
0
0
0
0
0
6.971943266643819
0
6.971943266643819
0
0
0
0
0
0
0
6.971943266643819
0
8.799488486620495
0
0
0
0
0
0
0
6.971943266643819
0
6.971943266643819
0
0
0
0
0
0
0
7.406295748188709
0
6.971943266643819
0
0
0
0
0
0
0
6.971943266643819
0
6.971943266643819
0
0
0
0
0
0
0
6.971943266643819
0
6.971943266643819
0
0
0
0
0
0
0
6.971943266643819
0
8.799488486620495
0
0
0
0
0
0
0
6.971943266643819
0
6.971943266643819
0
0
0
0
0
0
0
6.971943266643819
0
8.178318091547958
0
0
0
0
0
0
0
6.971943266643819
0
6.971943266643819
0
0
0
0
0
0
0
6.971943266643819
0
6.971943266643819
0
0
0
0
0
0
0
6.971943266643819
0
6.971943266643819
0
0
0
0
0
0
0
6.971943266643819
0
10.30140935179546
0
0
0
0
0
0
0
7.961544543933872
0
6.971943266643819
0
0
0
0
0
0
0
6.971943266643819
0
6.971943266643819
0
0
0
0
0
0
0
6.971943266643819
0
6.971943266643819
0
0
0
0
0
0
0
6.971943266643819
0
6.971943266643819
0
0
0
0
0
0
0
6.971943266643819
0
8.298516853298585
0
0
0
0
0
0
0
6.971943266643819
0
6.971943266643819
0
0
0
0
0
0
0
6.971943266643819
0
7.529642435699266
0
0
0
0
0
0
0
6.971943266643819
0
6.971943266643819
0
0
0
0
0
0
0
6.971943266643819
0
6.971943266643819
0
0
0
0
0
0
0
8.101269593168235
0
7.176383502551382
0
0
0
0
0
0
0
6.971943266643819
0
7.8496963071844075
0
0
0
0
0
0
0
6.971943266643819
0
6.971943266643819
0
0
0
0
0
0
0
6.971943266643819
0
6.971943266643819
0
0
0
0
0
0
0
6.971943266643819
0
6.971943266643819
0
0
0
0
0
0
0
6.971943266643819
0
6.971943266643819
0
0
0
0
0
0
0
6.971943266643819
0
6.971943266643819
0
0
0
0
0
0
0
8.799488486620495
0
8.298516853298585
0
0
0
0
0
0
0
6.971943266643819
0
7.754274732435837
0
0
0
0
0
0
0
6.971943266643819
0
6.971943266643819
0
0
0
0
0
0
0
6.971943266643819
0
7.749837081964902
0
0
0
0
0
0
0
6.971943266643819
0
8.799488486620495
0
0
0
0
0
0
0
6.971943266643819
0
8.799488486620495
0
0
0
0
0
0
0
6.971943266643819
0
6.971943266643819
0
0
0
0
0
0
0
6.971943266643819
0
6.971943266643819
0
0
0
0
0
0
0
6.971943266643819
0
6.971943266643819
0
0
0
0
0
0
0
6.971943266643819
0
7.414144596231528
0
0
0
0
0
0
0
7.374001342564744
0
6.971943266643819
0
0
0
0
0
0
0
6.971943266643819
0
6.971943266643819
0
0
0
0
0
0
0
8.045091780879035
0
6.971943266643819
0
0
0
0
0
0
0
8.10027571309846
0
6.971943266643819
0
0
0
0
0
0
0
7.410334374082197
0
8.217531948923648
0
0
0
0
0
0
0
6.971943266643819
0
6.971943266643819
0
0
0
0
0
0
0
6.971943266643819
0
8.799488486620495
0
0
0
0
0
0
0
6.971943266643819
0
6.971943266643819
0
0
0
0
0
0
0
6.971943266643819
0
6.971943266643819
0
0
0
0
0
0
0
6.971943266643819
0
6.971943266643819
0
0
0
0
0
0
0
6.971943266643819
0
8.298516853298585
0
0
0
0
0
0
0
6.971943266643819
0
6.971943266643819
0
0
0
0
0
0
0
6.971943266643819
0
6.971943266643819
0
0
0
0
0
0
0
6.971943266643819
0
6.971943266643819
0
0
0
0
0
0
0
6.971943266643819
0
6.971943266643819
0
0
0
0
0
0
0
6.971943266643819
0
6.971943266643819
0
0
0
0
0
0
0
6.971943266643819
0
6.971943266643819
0
0
0
0
0
0
0
8.59518150382484
0
6.971943266643819
0
0
0
0
0
0
0
8.799488486620495
0
6.971943266643819
0
0
0
0
0
0
0
6.971943266643819
0
6.971943266643819
0
0
0
0
0
0
0
8.670870067526158
0
6.971943266643819
0
0
0
0
0
0
0
8.799488486620495
0
6.971943266643819
0
0
0
0
0
0
0
6.971943266643819
0
8.470146091317416
0
0
0
0
0
0
0
6.971943266643819
0
6.971943266643819
0
0
0
0
0
0
0
8.799488486620495
0
6.971943266643819
0
0
0
0
0
0
0
6.971943266643819
0
6.971943266643819
0
0
0
0
0
0
0
7.140235852508534
0
6.971943266643819
0
0
0
0
0
0
0
7.839716848083556
0
6.971943266643819
0
0
0
0
0
0
0
6.971943266643819
0
6.971943266643819
0
0
0
0
0
0
0
6.971943266643819
0
6.971943266643819
0
0
0
0
0
0
0
6.971943266643819
0
6.971943266643819
0
0
0
0
0
0
0
6.971943266643819
0
8.799488486620495
0
0
0
0
0
0
0
6.971943266643819
0
7.970925500372179
0
0
0
0
0
0
0
6.971943266643819
0
7.695815971548747
0
0
0
0
0
0
0
6.971943266643819
0
6.971943266643819
0
0
0
0
0
0
0
6.971943266643819
0
6.971943266643819
0
0
0
0
0
0
0
9.086168228047434
0
6.971943266643819
0
0
0
0
0
0
0
6.971943266643819
0
8.799488486620495
0
0
0
0
0
0
0
6.971943266643819
0
6.971943266643819
0
0
0
0
0
0
0
6.971943266643819
0
6.971943266643819
0
0
0
0
0
0
0
6.971943266643819
0
6.971943266643819
0
0
0
0
0
0
0
6.971943266643819
0
6.971943266643819
0
0
0
0
0
0
0
6.971943266643819
0
7.168902753363997
0
0
0
0
0
0
0
6.971943266643819
0
6.971943266643819
0
0
0
0
0
0
0
7.8364739363491775
0
6.971943266643819
0
0
0
0
0
0
0
6.971943266643819
0
8.018213895382067
0
0
0
0
0
0
0
6.971943266643819
0
6.971943266643819
0
0
0
0
0
0
0
6.971943266643819
0
6.971943266643819
0
0
0
0
0
0
0
6.971943266643819
0
8.799488486620495
0
0
0
0
0
0
0
6.971943266643819
0
6.971943266643819
0
0
0
0
0
0
0
6.971943266643819
0
6.971943266643819
0
0
0
0
0
0
0
6.971943266643819
0
6.971943266643819
0
0
0
0
0
0
0
8.799488486620495
0
6.971943266643819
0
0
0
0
0
0
0
6.971943266643819
0
6.971943266643819
0
0
0
0
0
0
0
6.971943266643819
0
6.971943266643819
0
0
0
0
0
0
0
6.971943266643819
0
6.971943266643819
0
0
0
0
0
0
0
8.298516853298585
0
6.971943266643819
0
0
0
0
0
0
0
6.971943266643819
0
8.799488486620495
0
0
0
0
0
0
0
6.971943266643819
0
6.971943266643819
0
0
0
0
0
0
0
6.971943266643819
0
8.799488486620495
0
0
0
0
0
0
0
6.971943266643819
0
8.799488486620495
0
0
0
0
0
0
0
6.971943266643819
0
6.971943266643819
0
0
0
0
0
0
0
6.971943266643819
0
6.971943266643819
0
0
0
0
0
0
0
6.971943266643819
0
6.971943266643819
0
0
0
0
0
0
0
8.799488486620495
0
6.971943266643819
0
0
0
0
0
0
0
6.971943266643819
0
6.971943266643819
0
0
0
0
0
0
0
6.971943266643819
0
6.971943266643819
0
0
0
0
0
0
0
6.971943266643819
0
6.971943266643819
0
0
0
0
0
0
0
6.971943266643819
0
6.971943266643819
0
0
0
0
0
0
0
7.061756415301696
0
6.971943266643819
0
0
0
0
0
0
0
6.971943266643819
0
6.971943266643819
0
0
0
0
0
0
0
6.971943266643819
0
6.971943266643819
0
0
0
0
0
0
0
6.971943266643819
0
6.971943266643819
0
0
0
0
0
0
0
6.971943266643819
0
6.971943266643819
0
0
0
0
0
0
0
6.971943266643819
0
9.405617464076215
0
0
0
0
0
0
0
8.799488486620495
0
5.97
0
0
0
0
0
0
0
6.971943266643819
0
6.971943266643819
0
0
0
0
0
0
0
6.971943266643819
0
6.971943266643819
0
0
0
0
0
0
0
6.971943266643819
0
6.971943266643819
0
0
0
0
0
0
0
6.971943266643819
0
6.971943266643819
0
0
0
0
0
0
0
6.971943266643819
0
10.22233963045155
0
0
0
0
0
0
0
6.971943266643819
0
6.971943266643819
0
0
0
0
0
0
0
6.971943266643819
0
6.971943266643819
0
0
0
0
0
0
0
8.799488486620495
0
6.971943266643819
0
0
0
0
0
0
0
6.971943266643819
0
8.799488486620495
0
0
0
0
0
0
0
6.971943266643819
0
8.298516853298585
0
0
0
0
0
0
0
6.971943266643819
0
6.971943266643819
0
0
0
0
0
0
0
6.971943266643819
0
6.971943266643819
0
0
0
0
0
0
0
6.971943266643819
0
6.971943266643819
0
0
0
0
0
0
0
7.386451701462624
0
6.971943266643819
0
0
0
0
0
0
0
8.799488486620495
0
5.97
0
0
0
0
0
0
0
6.971943266643819
0
6.971943266643819
0
0
0
0
0
0
0
6.971943266643819
0
6.971943266643819
0
0
0
0
0
0
0
6.971943266643819
0
6.971943266643819
0
0
0
0
0
0
0
6.971943266643819
0
8.799488486620495
0
0
0
0
0
0
0
6.971943266643819
0
6.971943266643819
0
0
0
0
0
0
0
6.971943266643819
0
6.971943266643819
0
0
0
0
0
0
0
6.971943266643819
0
6.971943266643819
0
0
0
0
0
0
0
6.971943266643819
0
6.971943266643819
0
0
0
0
0
0
0
6.971943266643819
0
6.971943266643819
0
0
0
0
0
0
0
6.971943266643819
0
6.971943266643819
0
0
0
0
0
0
0
6.971943266643819
0
6.971943266643819
0
0
0
0
0
0
0
6.971943266643819
0
6.971943266643819
0
0
0
0
0
0
0
8.799488486620495
0
5.97
0
0
0
0
0
0
0
6.971943266643819
0
8.764536242750983
0
0
0
0
0
0
0
6.971943266643819
0
6.971943266643819
0
0
0
0
0
0
0
7.619956660968667
0
6.971943266643819
0
0
0
0
0
0
0
6.971943266643819
0
6.971943266643819
0
0
0
0
0
0
0
6.971943266643819
0
8.799488486620495
0
0
0
0
0
0
0
6.971943266643819
0
6.971943266643819
0
0
0
0
0
0
0
8.799488486620495
0
6.971943266643819
0
0
0
0
0
0
0
7.38114475279255
0
8.799488486620495
0
0
0
0
0
0
0
6.971943266643819
0
6.971943266643819
0
0
0
0
0
0
0
6.971943266643819
0
6.971943266643819
0
0
0
0
0
0
0
8.799488486620495
0
5.97
0
0
0
0
0
0
0
6.971943266643819
0
6.971943266643819
0
0
0
0
0
0
0
6.971943266643819
0
8.799488486620495
0
0
0
0
0
0
0
6.971943266643819
0
6.971943266643819
0
0
0
0
0
0
0
8.591867799481658
0
6.971943266643819
0
0
0
0
0
0
0
6.971943266643819
0
6.971943266643819
0
0
0
0
0
0
0
6.971943266643819
0
6.971943266643819
0
0
0
0
0
0
0
6.971943266643819
0
8.298516853298585
0
0
0
0
0
0
0
6.971943266643819
0
6.971943266643819
0
0
0
0
0
0
0
6.971943266643819
0
6.971943266643819
0
0
0
0
0
0
0
6.971943266643819
0
7.154083751896094
0
0
0
0
0
0
0
6.971943266643819
0
6.971943266643819
0
0
0
0
0
0
0
6.971943266643819
0
6.971943266643819
0
0
0
0
0
0
0
6.971943266643819
0
6.971943266643819
0
0
0
0
0
0
0
8.57253659482677
0
8.434181010019435
0
0
0
0
0
0
0
6.971943266643819
0
6.971943266643819
0
0
0
0
0
0
0
8.799488486620495
0
6.971943266643819
0
0
0
0
0
0
0
8.799488486620495
0
6.971943266643819
0
0
0
0
0
0
0
7.623409182029466
0
6.971943266643819
0
0
0
0
0
0
0
6.971943266643819
0
6.971943266643819
0
0
0
0
0
0
0
6.971943266643819
0
6.971943266643819
0
0
0
0
0
0
0
8.431225423347984
0
6.971943266643819
0
0
0
0
0
0
0
6.971943266643819
0
8.799488486620495
0
0
0
0
0
0
0
6.971943266643819
0
8.799488486620495
0
0
0
0
0
0
0
8.799488486620495
0
6.971943266643819
0
0
0
0
0
0
0
7.850901584755155
0
6.971943266643819
0
0
0
0
0
0
0
8.799488486620495
0
6.971943266643819
0
0
0
0
0
0
0
6.971943266643819
0
6.971943266643819
0
0
0
0
0
0
0
7.890950259558444
0
6.971943266643819
0
0
0
0
0
0
0
6.971943266643819
0
6.971943266643819
0
0
0
0
0
0
0
6.971943266643819
0
6.971943266643819
0
0
0
0
0
0
0
6.971943266643819
0
6.971943266643819
0
0
0
0
0
0
0
8.799488486620495
0
5.97
0
0
0
0
0
0
0
6.971943266643819
0
6.971943266643819
0
0
0
0
0
0
0
6.971943266643819
0
6.971943266643819
0
0
0
0
0
0
0
6.971943266643819
0
6.971943266643819
0
0
0
0
0
0
0
6.971943266643819
0
7.893507833822339
0
0
0
0
0
0
0
8.143516467574996
0
7.7791531462926695
0
0
0
0
0
0
0
6.971943266643819
0
6.971943266643819
0
0
0
0
0
0
0
8.799488486620495
0
5.97
0
0
0
0
0
0
0
6.971943266643819
0
6.971943266643819
0
0
0
0
0
0
0
6.971943266643819
0
6.971943266643819
0
0
0
0
0
0
0
8.799488486620495
0
7.669959770265351
0
0
0
0
0
0
0
8.799488486620495
0
6.971943266643819
0
0
0
0
0
0
0
7.155531976841319
0
6.971943266643819
0
0
0
0
0
0
0
6.971943266643819
0
8.298516853298585
0
0
0
0
0
0
0
6.971943266643819
0
6.971943266643819
0
0
0
0
0
0
0
0
8.298516853298585
6.971943266643819
0
0
0
0
0
0
0
6.971943266643819
0
6.971943266643819
0
0
0
0
0
0
0
6.971943266643819
0
6.971943266643819
0
0
0
0
0
0
0
0
8.832375629405778
5.97
0
0
0
0
0
0
0
0
8.298516853298585
5.97
0
0
0
0
0
0
0
0
8.298516853298585
5.97
0
0
0
0
0
0
0
0
8.298516853298585
5.97
0
0
0
0
0
0
0
0
8.298516853298585
5.97
0
0
0
0
0
0
0
0
8.298516853298585
5.97
0
0
0
0
0
0
0
0
8.298516853298585
5.97
0
0
0
0
0
0
0
0
8.298516853298585
5.97
0
0
0
0
0
0
0
0
8.298516853298585
5.97
0
0
0
0
0
0
0
0
8.298516853298585
5.97
0
0
0
0
0
0
0
0
10.627033706597171
5.97
0
0
0
0
0
0
0
0
8.298516853298585
5.97
0
0
0
0
0
0
0
0
8.298516853298585
5.97
0
0
0
0
0
0
0
0
8.298516853298585
5.97
0
0
0
0
0
0
0
0
8.298516853298585
5.97
0
0
0
0
0
0
0
0
8.298516853298585
5.97
0
0
0
0
0
0
0
0
10.627033706597171
5.97
0
0
0
0
0
0
0
0
8.298516853298585
5.97
0
0
0
0
0
0
0
0
9.37677747825412
5.97
0
0
0
0
0
0
0
0
8.298516853298585
5.97
0
0
0
0
0
0
0
0
8.298516853298585
5.97
0
0
0
0
0
0
0
0
10.627033706597171
7.016130423133838
0
0
0
0
0
0
0
0
8.298516853298585
5.97
0
0
0
0
0
0
0
0
8.298516853298585
5.97
0
0
0
0
0
0
0
0
8.298516853298585
5.97
0
0
0
0
0
0
0
0
8.298516853298585
5.97
0
0
0
0
0
0
0
0
8.298516853298585
5.97
0
0
0
0
0
0
0
0
8.298516853298585
7.568416852762853
0
0
0
0
0
0
0
0
8.298516853298585
5.97
0
0
0
0
0
0
0
0
8.298516853298585
5.97
0
0
0
0
0
0
0
0
8.867085731503513
5.97
0
0
0
0
0
0
0
0
8.298516853298585
5.97
0
0
0
0
0
0
0
0
10.627033706597171
5.97
0
0
0
0
0
0
0
0
10.627033706597171
5.97
0
0
0
0
0
0
0
0
8.298516853298585
5.97
0
0
0
0
0
0
0
0
8.298516853298585
5.97
0
0
0
0
0
0
0
0
8.802423629143844
5.97
0
0
0
0
0
0
0
0
8.298516853298585
5.97
0
0
0
0
0
0
0
0
9.906497714689376
8.393215035334618
0
0
0
0
0
0
0
0
10.627033706597171
5.97
0
0
0
0
0
0
0
0
8.298516853298585
5.97
0
0
0
0
0
0
0
0
8.298516853298585
5.97
0
0
0
0
0
0
0
0
8.298516853298585
5.97
0
0
0
0
0
0
0
0
10.482109399022743
5.97
0
0
0
0
0
0
0
0
8.298516853298585
5.97
0
0
0
0
0
0
0
0
8.298516853298585
5.97
0
0
0
0
0
0
0
0
8.298516853298585
5.97
0
0
0
0
0
0
0
0
8.298516853298585
5.97
0
0
0
0
0
0
0
0
8.298516853298585
5.97
0
0
0
0
0
0
0
0
10.627033706597171
5.97
0
0
0
0
0
0
0
0
8.298516853298585
5.97
0
0
0
0
0
0
0
0
8.39378466867792
5.97
0
0
0
0
0
0
0
0
8.298516853298585
5.97
0
0
0
0
0
0
0
0
8.298516853298585
5.97
0
0
0
0
0
0
0
0
8.298516853298585
5.97
0
0
0
0
0
0
0
0
8.298516853298585
5.97
0
0
0
0
0
0
0
0
8.298516853298585
5.97
0
0
0
0
0
0
0
0
8.298516853298585
5.97
0
0
0
0
0
0
0
0
8.298516853298585
5.97
0
0
0
0
0
0
0
0
8.298516853298585
5.97
0
0
0
0
0
0
0
0
8.298516853298585
5.97
0
0
0
0
0
0
0
0
8.298516853298585
5.97
0
0
0
0
0
0
0
0
8.298516853298585
5.97
0
0
0
0
0
0
0
0
8.298516853298585
5.97
0
0
0
0
0
0
0
0
8.298516853298585
5.97
0
0
0
0
0
0
0
0
10.627033706597171
5.97
0
0
0
0
0
0
0
0
8.298516853298585
5.97
0
0
0
0
0
0
0
0
8.298516853298585
5.97
0
0
0
0
0
0
0
0
8.298516853298585
5.97
0
0
0
0
0
0
0
0
9.324559596357691
8.253932391672935
0
0
0
0
0
0
0
0
8.361981310390364
5.97
0
0
0
0
0
0
0
0
8.298516853298585
5.97
0
0
0
0
0
0
0
0
8.298516853298585
5.97
0
0
0
0
0
0
0
0
8.298516853298585
5.97
0
0
0
0
0
0
0
0
8.298516853298585
5.97
0
0
0
0
0
0
0
0
8.298516853298585
5.97
0
0
0
0
0
0
0
0
8.298516853298585
5.97
0
0
0
0
0
0
0
0
8.298516853298585
5.97
0
0
0
0
0
0
0
0
10.627033706597171
5.97
0
0
0
0
0
0
0
0
10.627033706597171
5.97
0
0
0
0
0
0
0
0
8.298516853298585
5.97
0
0
0
0
0
0
0
0
8.298516853298585
5.97
0
0
0
0
0
0
0
0
8.298516853298585
5.97
0
0
0
0
0
0
0
0
8.298516853298585
5.97
0
0
0
0
0
0
0
0
8.298516853298585
5.97
0
0
0
0
0
0
0
0
8.298516853298585
5.97
0
0
0
0
0
0
0
0
8.298516853298585
5.97
0
0
0
0
0
0
0
0
8.298516853298585
5.97
0
0
0
0
0
0
0
0
8.298516853298585
5.97
0
0
0
0
0
0
0
0
8.298516853298585
5.97
0
0
0
0
0
0
0
0
8.298516853298585
5.97
0
0
0
0
0
0
0
0
8.298516853298585
5.97
0
0
0
0
0
0
0
0
8.298516853298585
5.97
0
0
0
0
0
0
0
0
8.298516853298585
5.97
0
0
0
0
0
0
0
0
8.298516853298585
5.97
0
0
0
0
0
0
0
0
10.627033706597171
5.97
0
0
0
0
0
0
0
0
8.298516853298585
5.97
0
0
0
0
0
0
0
0
10.627033706597171
5.97
0
0
0
0
0
0
0
0
8.298516853298585
8.298516853298585
0
0
0
0
0
0
0
0
6.971943266643819
5.97
0
0
0
0
0
0
0
0
8.298516853298585
5.97
0
0
0
0
0
0
0
0
10.627033706597171
5.97
0
0
0
0
0
0
0
0
8.298516853298585
5.97
0
0
0
0
0
0
0
0
8.947602303649779
5.97
0
0
0
0
0
0
0
0
8.298516853298585
5.97
0
0
0
0
0
0
0
0
8.298516853298585
5.97
0
0
0
0
0
0
0
0
8.298516853298585
5.97
0
0
0
0
0
0
0
0
8.348674064903008
5.97
0
0
0
0
0
0
0
0
8.298516853298585
5.97
0
0
0
0
0
0
0
0
8.298516853298585
5.97
0
0
0
0
0
0
0
0
8.298516853298585
5.97
0
0
0
0
0
0
0
0
8.298516853298585
5.97
0
0
0
0
0
0
0
0
8.298516853298585
5.97
0
0
0
0
0
0
0
0
8.298516853298585
7.042966819860707
0
0
0
0
0
0
0
0
8.298516853298585
5.97
0
0
0
0
0
0
0
0
8.298516853298585
5.97
0
0
0
0
0
0
0
0
8.298516853298585
8.261997581821257
0
0
0
0
0
0
0
0
9.528083029305904
5.97
0
0
0
0
0
0
0
0
8.298516853298585
5.97
0
0
0
0
0
0
0
0
8.298516853298585
8.680500799695961
0
0
0
0
0
0
0
0
8.298516853298585
5.97
0
0
0
0
0
0
0
0
8.298516853298585
5.97
0
0
0
0
0
0
0
0
8.298516853298585
5.97
0
0
0
0
0
0
0
0
8.298516853298585
5.97
0
0
0
0
0
0
0
0
8.298516853298585
5.97
0
0
0
0
0
0
0
0
8.298516853298585
5.97
0
0
0
0
0
0
0
0
8.298516853298585
5.97
0
0
0
0
0
0
0
0
8.298516853298585
5.97
0
0
0
0
0
0
0
0
8.298516853298585
5.97
0
0
0
0
0
0
0
0
8.298516853298585
5.97
0
0
0
0
0
0
0
0
8.298516853298585
5.97
0
0
0
0
0
0
0
0
10.627033706597171
5.97
0
0
0
0
0
0
0
0
8.298516853298585
5.97
0
0
0
0
0
0
0
0
8.298516853298585
5.97
0
0
0
0
0
0
0
0
10.627033706597171
5.97
0
0
0
0
0
0
0
0
8.298516853298585
5.97
0
0
0
0
0
0
0
0
8.298516853298585
5.97
0
0
0
0
0
0
0
0
8.298516853298585
5.97
0
0
0
0
0
0
0
0
8.298516853298585
7.130976882576258
0
0
0
0
0
0
0
0
8.298516853298585
5.97
0
0
0
0
0
0
0
0
8.298516853298585
5.97
0
0
0
0
0
0
0
0
8.298516853298585
5.97
0
0
0
0
0
0
0
0
8.298516853298585
6.470971633321909
0
0
0
0
0
0
0
0
8.298516853298585
7.796425938539143
0
0
0
0
0
0
0
0
9.588130968185947
5.97
0
0
0
0
0
0
0
0
8.911880621255321
5.97
0
0
0
0
0
0
0
0
8.298516853298585
5.97
0
0
0
0
0
0
0
0
8.298516853298585
5.97
0
0
0
0
0
0
0
0
8.298516853298585
5.97
0
0
0
0
0
0
0
0
10.627033706597171
5.97
0
0
0
0
0
0
0
0
7.477988458923802
5.97
0
0
0
0
0
0
0
0
6.971943266643819
5.97
0
0
0
0
0
0
0
0
6.971943266643819
6.971943266643819
0
0
0
0
0
0
0
0
6.971943266643819
5.97
0
0
0
0
0
0
0
0
6.971943266643819
5.97
0
0
0
0
0
0
0
0
6.971943266643819
5.97
0
0
0
0
0
0
0
0
8.111467164916808
5.97
0
0
0
0
0
0
0
0
6.971943266643819
5.97
0
0
0
0
0
0
0
0
6.971943266643819
5.97
0
0
0
0
0
0
0
0
6.971943266643819
8.298516853298585
0
0
0
0
0
0
0
0
6.971943266643819
5.97
0
0
0
0
0
0
0
0
6.971943266643819
7.733974544958299
0
0
0
0
0
0
0
0
6.971943266643819
5.97
0
0
0
0
0
0
0
0
6.971943266643819
6.971943266643819
0
0
0
0
0
0
0
0
6.971943266643819
5.97
0
0
0
0
0
0
0
0
6.971943266643819
5.97
0
0
0
0
0
0
0
0
6.971943266643819
5.97
0
0
0
0
0
0
0
0
6.971943266643819
5.97
0
0
0
0
0
0
0
0
8.298516853298585
5.97
0
0
0
0
0
0
0
0
6.971943266643819
5.97
0
0
0
0
0
0
0
0
8.799488486620495
5.97
0
0
0
0
0
0
0
0
6.971943266643819
5.97
0
0
0
0
0
0
0
0
6.971943266643819
6.033670361690463
0
0
0
0
0
0
0
0
6.971943266643819
5.97
0
0
0
0
0
0
0
0
6.971943266643819
5.97
0
0
0
0
0
0
0
0
6.971943266643819
5.97
0
0
0
0
0
0
0
0
6.971943266643819
5.97
0
0
0
0
0
0
0
0
6.971943266643819
5.97
0
0
0
0
0
0
0
0
7.607636795206025
5.97
0
0
0
0
0
0
0
0
6.971943266643819
10.044740036196277
0
0
0
0
0
0
0
0
6.971943266643819
5.97
0
0
0
0
0
0
0
0
8.298516853298585
5.97
0
0
0
0
0
0
0
0
6.971943266643819
5.97
0
0
0
0
0
0
0
0
6.971943266643819
5.97
0
0
0
0
0
0
0
0
10.627033706597171
5.97
0
0
0
0
0
0
0
0
6.971943266643819
6.971943266643819
0
0
0
0
0
0
0
0
6.971943266643819
5.97
0
0
0
0
0
0
0
0
6.971943266643819
8.298516853298585
0
0
0
0
0
0
0
0
8.584431524233468
5.97
0
0
0
0
0
0
0
0
6.971943266643819
5.97
0
0
0
0
0
0
0
0
6.971943266643819
8.298516853298585
0
0
0
0
0
0
0
0
7.533525408379079
5.97
0
0
0
0
0
0
0
0
6.971943266643819
8.257342847536815
0
0
0
0
0
0
0
0
6.971943266643819
5.97
0
0
0
0
0
0
0
0
10.627033706597171
5.97
0
0
0
0
0
0
0
0
8.45594622244613
5.97
0
0
0
0
0
0
0
0
10.492592008514404
5.97
0
0
0
0
0
0
0
0
8.799488486620495
5.97
0
0
0
0
0
0
0
0
6.971943266643819
5.97
0
0
0
0
0
0
0
0
8.111361881534016
5.97
0
0
0
0
0
0
0
0
6.971943266643819
5.97
0
0
0
0
0
0
0
0
6.971943266643819
7.847352636276261
0
0
0
0
0
0
0
0
6.971943266643819
5.97
0
0
0
0
0
0
0
0
6.971943266643819
8.298516853298585
0
0
0
0
0
0
0
0
9.342060773483011
7.0720664504913415
0
0
0
0
0
0
0
0
6.971943266643819
6.015664331190779
0
0
0
0
0
0
0
0
6.971943266643819
5.97
0
0
0
0
0
0
0
0
6.971943266643819
5.97
0
0
0
0
0
0
0
0
6.971943266643819
7.620258690370898
0
0
0
0
0
0
0
0
6.971943266643819
5.97
0
0
0
0
0
0
0
0
6.971943266643819
5.97
0
0
0
0
0
0
0
0
6.971943266643819
5.97
0
0
0
0
0
0
0
0
7.976692150623148
5.97
0
0
0
0
0
0
0
0
6.971943266643819
9.082113082505396
0
0
0
0
0
0
0
0
7.248879545590226
5.97
0
0
0
0
0
0
0
0
8.133782175118762
5.97
0
0
0
0
0
0
0
0
7.716001957111628
5.97
0
0
0
0
0
0
0
0
6.971943266643819
5.97
0
0
0
0
0
0
0
0
6.971943266643819
6.820104990184882
0
0
0
0
0
0
0
0
6.971943266643819
5.97
0
0
0
0
0
0
0
0
8.466890333666532
5.97
0
0
0
0
0
0
0
0
8.799488486620495
5.97
0
0
0
0
0
0
0
0
8.799488486620495
5.97
0
0
0
0
0
0
0
0
6.971943266643819
5.97
0
0
0
0
0
0
0
0
6.971943266643819
5.97
0
0
0
0
0
0
0
0
6.971943266643819
5.97
0
0
0
0
0
0
0
0
6.971943266643819
8.298516853298585
0
0
0
0
0
0
0
0
7.065514515176277
5.97
0
0
0
0
0
0
0
0
8.298516853298585
5.97
0
0
0
0
0
0
0
0
6.971943266643819
5.97
0
0
0
0
0
0
0
0
8.799488486620495
5.97
0
0
0
0
0
0
0
0
6.971943266643819
5.97
0
0
0
0
0
0
0
0
6.971943266643819
5.97
0
0
0
0
0
0
0
0
6.971943266643819
5.97
0
0
0
0
0
0
0
0
6.971943266643819
5.97
0
0
0
0
0
0
0
0
8.799488486620495
5.97
0
0
0
0
0
0
0
0
6.971943266643819
5.97
0
0
0
0
0
0
0
0
6.971943266643819
5.97
0
0
0
0
0
0
0
0
6.971943266643819
5.97
0
0
0
0
0
0
0
0
8.799488486620495
5.97
0
0
0
0
0
0
0
0
7.953926196066172
5.97
0
0
0
0
0
0
0
0
6.971943266643819
5.97
0
0
0
0
0
0
0
0
6.971943266643819
5.97
0
0
0
0
0
0
0
0
6.971943266643819
8.298516853298585
0
0
0
0
0
0
0
0
6.971943266643819
8.298516853298585
0
0
0
0
0
0
0
0
6.971943266643819
5.97
0
0
0
0
0
0
0
0
8.799488486620495
5.97
0
0
0
0
0
0
0
0
6.971943266643819
6.585801536701583
0
0
0
0
0
0
0
0
6.971943266643819
5.97
0
0
0
0
0
0
0
0
6.971943266643819
5.97
0
0
0
0
0
0
0
0
6.971943266643819
5.97
0
0
0
0
0
0
0
0
6.971943266643819
5.97
0
0
0
0
0
0
0
0
6.971943266643819
7.128976622707791
0
0
0
0
0
0
0
0
6.971943266643819
8.799488486620495
0
0
0
0
0
0
0
0
6.971943266643819
5.97
0
0
0
0
0
0
0
0
6.971943266643819
7.551059658607134
0
0
0
0
0
0
0
0
6.971943266643819
8.018337748554865
0
0
0
0
0
0
0
0
6.971943266643819
5.97
0
0
0
0
0
0
0
0
8.298516853298585
5.97
0
0
0
0
0
0
0
0
8.799488486620495
6.962019783055128
0
0
0
0
0
0
0
0
6.971943266643819
5.97
0
0
0
0
0
0
0
0
6.971943266643819
5.97
0
0
0
0
0
0
0
0
6.971943266643819
5.97
0
0
0
0
0
0
0
0
8.645002361150286
5.97
0
0
0
0
0
0
0
0
6.971943266643819
5.97
0
0
0
0
0
0
0
0
6.971943266643819
5.97
0
0
0
0
0
0
0
0
6.971943266643819
5.97
0
0
0
0
0
0
0
0
6.971943266643819
5.97
0
0
0
0
0
0
0
0
8.799488486620495
5.97
0
0
0
0
0
0
0
0
6.971943266643819
5.97
0
0
0
0
0
0
0
0
6.971943266643819
7.757673273770266
0
0
0
0
0
0
0
0
6.971943266643819
5.97
0
0
0
0
0
0
0
0
6.971943266643819
5.97
0
0
0
0
0
0
0
0
6.971943266643819
5.97
0
0
0
0
0
0
0
0
6.971943266643819
5.97
0
0
0
0
0
0
0
0
6.971943266643819
5.97
0
0
0
0
0
0
0
0
6.971943266643819
5.97
0
0
0
0
0
0
0
0
6.971943266643819
5.97
0
0
0
0
0
0
0
0
6.971943266643819
7.496986926234802
0
0
0
0
0
0
0
0
10.627033706597171
5.97
0
0
0
0
0
0
0
0
6.971943266643819
5.97
0
0
0
0
0
0
0
0
6.971943266643819
5.97
0
0
0
0
0
0
0
0
8.065329538381219
5.97
0
0
0
0
0
0
0
0
6.971943266643819
5.97
0
0
0
0
0
0
0
0
6.971943266643819
5.97
0
0
0
0
0
0
0
0
8.778712907488513
7.494501573383733
0
0
0
0
0
0
0
0
8.44641992688828
5.97
0
0
0
0
0
0
0
0
6.971943266643819
5.97
0
0
0
0
0
0
0
0
10.627033706597171
9.336058177241997
0
0
0
0
0
0
0
0
6.971943266643819
5.97
0
0
0
0
0
0
0
0
6.971943266643819
5.97
0
0
0
0
0
0
0
0
6.971943266643819
5.97
0
0
0
0
0
0
0
0
6.971943266643819
5.97
0
0
0
0
0
0
0
0
6.971943266643819
5.97
0
0
0
0
0
0
0
0
6.971943266643819
5.97
0
0
0
0
0
0
0
0
6.971943266643819
5.97
0
0
0
0
0
0
0
0
6.971943266643819
5.97
0
0
0
0
0
0
0
0
6.971943266643819
6.342718214974036
0
0
0
0
0
0
0
0
6.971943266643819
5.97
0
0
0
0
0
0
0
0
6.971943266643819
5.97
0
0
0
0
0
0
0
0
6.971943266643819
5.97
0
0
0
0
0
0
0
0
8.302497667878876
8.298516853298585
0
0
0
0
0
0
0
0
6.971943266643819
5.97
0
0
0
0
0
0
0
0
6.971943266643819
8.298516853298585
0
0
0
0
0
0
0
0
6.971943266643819
5.97
0
0
0
0
0
0
0
0
7.419651434487699
5.97
0
0
0
0
0
0
0
0
6.971943266643819
5.97
0
0
0
0
0
0
0
0
6.971943266643819
5.97
0
0
0
0
0
0
0
0
6.971943266643819
6.971943266643819
0
0
0
0
0
0
0
0
6.971943266643819
5.97
0
0
0
0
0
0
0
0
6.99846407173456
5.97
0
0
0
0
0
0
0
0
7.919213373648709
5.97
0
0
0
0
0
0
0
0
6.971943266643819
5.97
0
0
0
0
0
0
0
0
7.767616606336999
5.97
0
0
0
0
0
0
0
0
6.971943266643819
5.97
0
0
0
0
0
0
0
0
6.971943266643819
5.97
0
0
0
0
0
0
0
0
7.626910797393149
5.97
0
0
0
0
0
0
0
0
8.799488486620495
5.97
0
0
0
0
0
0
0
0
6.971943266643819
5.97
0
0
0
0
0
0
0
0
6.971943266643819
8.667099778491755
0
0
0
0
0
0
0
0
8.71692047435914
5.97
0
0
0
0
0
0
0
0
6.971943266643819
5.97
0
0
0
0
0
0
0
0
6.971943266643819
6.971943266643819
0
0
0
0
0
0
0
0
6.971943266643819
5.97
0
0
0
0
0
0
0
0
8.799488486620495
5.97
0
0
0
0
0
0
0
0
8.799488486620495
7.681621397190709
0
0
0
0
0
0
0
0
6.971943266643819
5.97
0
0
0
0
0
0
0
0
6.971943266643819
5.97
0
0
0
0
0
0
0
0
6.971943266643819
6.426721674087284
0
0
0
0
0
0
0
0
8.249492907597089
7.3687807415616025
0
0
0
0
0
0
0
0
7.239644008202765
5.97
0
0
0
0
0
0
0
0
7.657506803238803
6.971943266643819
0
0
0
0
0
0
0
0
8.799488486620495
5.97
0
0
0
0
0
0
0
0
6.971943266643819
8.799488486620495
0
0
0
0
0
0
0
0
6.971943266643819
7.268932379101496
0
0
0
0
0
0
0
0
9.198538502298812
5.97
0
0
0
0
0
0
0
0
6.971943266643819
5.97
0
0
0
0
0
0
0
0
7.2706412760815535
5.97
0
0
0
0
0
0
0
0
6.971943266643819
5.97
0
0
0
0
0
0
0
0
6.971943266643819
5.97
0
0
0
0
0
0
0
0
6.971943266643819
8.216375762560881
0
0
0
0
0
0
0
0
6.971943266643819
5.97
0
0
0
0
0
0
0
0
6.971943266643819
5.97
0
0
0
0
0
0
0
0
6.971943266643819
5.97
0
0
0
0
0
0
0
0
6.971943266643819
5.97
0
0
0
0
0
0
0
0
6.971943266643819
5.97
0
0
0
0
0
0
0
0
6.971943266643819
5.97
0
0
0
0
0
0
0
0
6.971943266643819
6.399473656766
0
0
0
0
0
0
0
0
6.971943266643819
5.97
0
0
0
0
0
0
0
0
6.971943266643819
5.97
0
0
0
0
0
0
0
0
8.23792104282539
5.97
0
0
0
0
0
0
0
0
6.971943266643819
5.97
0
0
0
0
0
0
0
0
8.799488486620495
5.97
0
0
0
0
0
0
0
0
8.044180034551927
5.97
0
0
0
0
0
0
0
0
6.971943266643819
5.97
0
0
0
0
0
0
0
0
6.971943266643819
5.97
0
0
0
0
0
0
0
0
6.971943266643819
5.97
0
0
0
0
0
0
0
0
6.971943266643819
5.97
0
0
0
0
0
0
0
0
6.971943266643819
7.936149927857487
0
0
0
0
0
0
0
0
6.971943266643819
5.97
0
0
0
0
0
0
0
0
6.971943266643819
5.97
0
0
0
0
0
0
0
0
6.971943266643819
5.97
0
0
0
0
0
0
0
0
6.971943266643819
5.97
0
0
0
0
0
0
0
0
6.971943266643819
5.97
0
0
0
0
0
0
0
0
8.799488486620495
5.97
0
0
0
0
0
0
0
0
6.971943266643819
5.97
0
0
0
0
0
0
0
0
6.971943266643819
5.97
0
0
0
0
0
0
0
0
6.971943266643819
5.97
0
0
0
0
0
0
0
0
6.971943266643819
5.97
0
0
0
0
0
0
0
0
8.731824196581114
7.087012884967004
0
0
0
0
0
0
0
0
10.627033706597171
5.97
0
0
0
0
0
0
0
0
8.799488486620495
5.97
0
0
0
0
0
0
0
0
6.971943266643819
5.97
0
0
0
0
0
0
0
0
6.971943266643819
5.97
0
0
0
0
0
0
0
0
8.181534673775433
5.97
0
0
0
0
0
0
0
0
8.298516853298585
5.97
0
0
0
0
0
0
0
0
6.971943266643819
5.97
0
0
0
0
0
0
0
0
8.799488486620495
5.97
0
0
0
0
0
0
0
0
6.971943266643819
5.97
0
0
0
0
0
0
0
0
6.971943266643819
5.97
0
0
0
0
0
0
0
0
6.971943266643819
6.557112998902747
0
0
0
0
0
0
0
0
6.971943266643819
5.97
0
0
0
0
0
0
0
0
6.971943266643819
5.97
0
0
0
0
0
0
0
0
7.843439664164796
5.97
0
0
0
0
0
0
0
0
6.971943266643819
5.97
0
0
0
0
0
0
0
0
7.26278085240438
5.97
0
0
0
0
0
0
0
0
6.971943266643819
5.97
0
0
0
0
0
0
0
0
6.971943266643819
6.992241162971581
0
0
0
0
0
0
0
0
6.971943266643819
5.97
0
0
0
0
0
0
0
0
8.298516853298585
5.97
0
0
0
0
0
0
0
0
8.799488486620495
5.97
0
0
0
0
0
0
0
0
6.971943266643819
5.97
0
0
0
0
0
0
0
0
6.971943266643819
6.697587413984722
0
0
0
0
0
0
0
0
6.971943266643819
0
0
10.527372165048375
0
0
8.311427771014232
0
0
0
0
0
0
6.971943266643819
0
0
6.971943266643819
0
0
0
0
0
0
6.971943266643819
0
0
8.799488486620495
0
0
0
0
0
0
6.971943266643819
0
0
6.971943266643819
0
0
0
0
0
0
6.971943266643819
0
0
6.971943266643819
0
0
0
0
0
0
6.971943266643819
0
0
6.971943266643819
0
0
0
0
0
0
6.971943266643819
0
0
6.971943266643819
0
0
0
0
0
0
8.123661209871312
0
0
8.298516853298585
0
0
0
0
0
0
6.971943266643819
0
0
6.971943266643819
0
0
0
0
0
0
6.971943266643819
0
0
8.298516853298585
0
0
0
0
0
0
6.971943266643819
0
0
6.971943266643819
0
0
0
0
0
0
6.971943266643819
0
0
6.971943266643819
0
0
0
0
0
0
6.971943266643819
0
0
6.971943266643819
0
0
0
0
0
0
6.971943266643819
0
0
6.971943266643819
0
0
0
0
0
0
6.971943266643819
0
0
6.971943266643819
0
0
0
0
0
0
8.767683382677435
0
0
6.971943266643819
0
0
0
0
0
0
7.525307752559359
0
0
7.195819098766355
0
0
0
0
0
0
6.971943266643819
0
0
6.971943266643819
0
0
0
0
0
0
6.971943266643819
0
0
6.971943266643819
0
0
0
0
0
0
6.971943266643819
0
0
8.106614437111071
0
0
0
0
0
0
6.971943266643819
0
0
6.971943266643819
0
0
0
0
0
0
8.298516853298585
0
0
6.971943266643819
0
0
0
0
0
0
6.971943266643819
0
0
7.773827523565126
0
0
0
0
0
0
6.971943266643819
0
0
6.971943266643819
0
0
0
0
0
0
6.971943266643819
0
0
6.971943266643819
0
0
0
0
0
0
6.971943266643819
0
0
6.971943266643819
0
0
0
0
0
0
6.971943266643819
0
0
6.971943266643819
0
0
0
0
0
0
6.971943266643819
0
0
6.971943266643819
0
0
0
0
0
0
6.971943266643819
0
0
6.971943266643819
0
0
0
0
0
0
6.971943266643819
0
0
6.971943266643819
0
0
0
0
0
0
7.708387479091334
0
0
6.971943266643819
0
0
0
0
0
0
8.298516853298585
0
0
6.971943266643819
0
0
0
0
0
0
6.971943266643819
0
0
6.971943266643819
0
0
0
0
0
0
6.971943266643819
0
0
6.971943266643819
0
0
0
0
0
0
6.971943266643819
0
0
6.971943266643819
0
0
0
0
0
0
6.971943266643819
0
0
6.971943266643819
0
0
0
0
0
0
6.971943266643819
0
0
6.971943266643819
0
0
0
0
0
0
8.799488486620495
0
0
6.971943266643819
0
0
0
0
0
0
6.971943266643819
0
0
6.971943266643819
0
0
0
0
0
0
6.971943266643819
0
0
6.971943266643819
0
0
0
0
0
0
6.971943266643819
0
0
6.971943266643819
0
0
0
0
0
0
6.971943266643819
0
0
9.269642327722066
0
0
0
0
0
0
6.971943266643819
0
0
6.971943266643819
0
0
0
0
0
0
6.971943266643819
0
0
6.971943266643819
0
0
0
0
0
0
6.971943266643819
0
0
6.971943266643819
0
0
0
0
0
0
6.971943266643819
0
0
6.971943266643819
0
0
0
0
0
0
6.971943266643819
0
0
8.799488486620495
0
0
0
0
0
0
6.971943266643819
0
0
6.971943266643819
0
0
0
0
0
0
6.971943266643819
0
0
6.971943266643819
0
0
0
0
0
0
6.971943266643819
0
0
6.971943266643819
0
0
0
0
0
0
6.971943266643819
0
0
6.971943266643819
0
0
0
0
0
0
6.971943266643819
0
0
6.971943266643819
0
0
0
0
0
0
6.971943266643819
0
0
6.971943266643819
0
0
0
0
0
0
6.971943266643819
0
0
6.971943266643819
0
0
0
0
0
0
8.298516853298585
0
0
8.799488486620495
0
0
0
0
0
0
6.971943266643819
0
0
6.971943266643819
0
0
0
0
0
0
6.971943266643819
0
0
6.971943266643819
0
0
0
0
0
0
6.971943266643819
0
0
6.971943266643819
0
0
0
0
0
0
6.971943266643819
0
0
6.971943266643819
0
0
0
0
0
0
6.971943266643819
0
0
6.971943266643819
0
0
0
0
0
0
6.971943266643819
0
0
6.971943266643819
0
0
0
0
0
0
6.971943266643819
0
0
6.971943266643819
0
0
0
0
0
0
6.971943266643819
0
0
6.971943266643819
0
0
0
0
0
0
6.971943266643819
0
0
6.971943266643819
0
0
0
0
0
0
6.971943266643819
0
0
6.971943266643819
0
0
0
0
0
0
6.971943266643819
0
0
8.799488486620495
0
0
0
0
0
0
6.971943266643819
0
0
6.971943266643819
0
0
0
0
0
0
6.971943266643819
0
0
6.971943266643819
0
0
0
0
0
0
6.971943266643819
0
0
6.971943266643819
0
0
0
0
0
0
8.799488486620495
0
0
6.971943266643819
0
0
0
0
0
0
6.971943266643819
0
0
6.971943266643819
0
0
0
0
0
0
8.799488486620495
0
0
6.971943266643819
0
0
0
0
0
0
6.971943266643819
0
0
8.799488486620495
0
0
0
0
0
0
8.799488486620495
0
0
8.107526838613547
0
0
0
0
0
0
7.919909162832397
0
0
6.971943266643819
0
0
0
0
0
0
8.298516853298585
0
0
8.799488486620495
0
0
0
0
0
0
6.971943266643819
0
0
6.971943266643819
0
0
0
0
0
0
6.971943266643819
0
0
6.971943266643819
0
0
0
0
0
0
6.971943266643819
0
0
6.971943266643819
0
0
0
0
0
0
6.971943266643819
0
0
6.971943266643819
0
0
0
0
0
0
6.971943266643819
0
0
6.971943266643819
0
0
0
0
0
0
6.971943266643819
0
0
6.971943266643819
0
0
0
0
0
0
6.971943266643819
0
0
10.478564091359138
0
0
0
0
0
0
6.971943266643819
0
0
6.971943266643819
0
0
0
0
0
0
6.971943266643819
0
0
6.971943266643819
0
0
0
0
0
0
6.971943266643819
0
0
6.971943266643819
0
0
0
0
0
0
6.971943266643819
0
0
6.971943266643819
0
0
0
0
0
0
6.971943266643819
0
0
6.971943266643819
0
0
0
0
0
0
6.971943266643819
0
0
8.799488486620495
0
0
0
0
0
0
6.971943266643819
0
0
6.971943266643819
0
0
0
0
0
0
6.971943266643819
0
0
6.971943266643819
0
0
0
0
0
0
6.971943266643819
0
0
6.971943266643819
0
0
0
0
0
0
6.971943266643819
0
0
7.783751159548796
0
0
0
0
0
0
6.971943266643819
0
0
8.686335565309566
0
0
0
0
0
0
6.971943266643819
0
0
6.971943266643819
0
0
0
0
0
0
6.971943266643819
0
0
6.971943266643819
0
0
0
0
0
0
6.971943266643819
0
0
6.971943266643819
0
0
0
0
0
0
6.971943266643819
0
0
6.971943266643819
0
0
0
0
0
0
6.971943266643819
0
0
6.971943266643819
0
0
0
0
0
0
6.971943266643819
0
0
6.971943266643819
0
0
0
0
0
0
6.971943266643819
0
0
6.971943266643819
0
0
0
0
0
0
8.298516853298585
0
0
6.971943266643819
0
0
0
0
0
0
8.799488486620495
0
0
8.799488486620495
0
0
0
0
0
0
6.971943266643819
0
0
6.971943266643819
0
0
0
0
0
0
6.971943266643819
0
0
8.799488486620495
0
0
0
0
0
0
7.651978938488526
0
0
6.971943266643819
0
0
0
0
0
0
6.971943266643819
0
0
6.971943266643819
0
0
0
0
0
0
6.971943266643819
0
0
6.971943266643819
0
0
0
0
0
0
6.971943266643819
0
0
6.971943266643819
0
0
0
0
0
0
8.164012708614493
0
0
6.971943266643819
0
0
0
0
0
0
5.97
0
0
8.799488486620495
0
0
0
0
0
0
8.799488486620495
0
0
6.971943266643819
0
0
0
0
0
0
6.971943266643819
0
0
6.971943266643819
0
0
0
0
0
0
7.062516784781227
0
0
6.971943266643819
0
0
0
0
0
0
7.641626502332377
0
0
6.971943266643819
0
0
0
0
0
0
6.971943266643819
0
0
6.971943266643819
0
0
0
0
0
0
6.971943266643819
0
0
8.298516853298585
0
0
0
0
0
0
6.971943266643819
0
0
6.971943266643819
0
0
0
0
0
0
8.434589365652206
0
0
6.971943266643819
0
0
0
0
0
0
6.971943266643819
0
0
6.971943266643819
0
0
0
0
0
0
8.799488486620495
0
0
6.971943266643819
0
0
0
0
0
0
6.971943266643819
0
0
6.971943266643819
0
0
0
0
0
0
6.971943266643819
0
0
6.971943266643819
0
0
0
0
0
0
8.799488486620495
0
0
8.799488486620495
0
0
0
0
0
0
6.971943266643819
0
0
6.971943266643819
0
0
0
0
0
0
6.971943266643819
0
0
6.971943266643819
0
0
0
0
0
0
6.971943266643819
0
0
6.971943266643819
0
0
0
0
0
0
8.799488486620495
0
0
6.971943266643819
0
0
0
0
0
0
6.971943266643819
0
0
6.971943266643819
0
0
0
0
0
0
8.448953722769316
0
0
6.971943266643819
0
0
0
0
0
0
8.306749531267561
0
0
6.971943266643819
0
0
0
0
0
0
6.971943266643819
0
0
8.799488486620495
0
0
0
0
0
0
6.971943266643819
0
0
6.971943266643819
0
0
0
0
0
0
6.971943266643819
0
0
6.971943266643819
0
0
0
0
0
0
6.971943266643819
0
0
6.971943266643819
0
0
0
0
0
0
6.971943266643819
0
0
6.971943266643819
0
0
0
0
0
0
6.971943266643819
0
0
6.971943266643819
0
0
0
0
0
0
6.971943266643819
0
0
6.971943266643819
0
0
0
0
0
0
6.971943266643819
0
0
6.971943266643819
0
0
0
0
0
0
6.971943266643819
0
0
6.971943266643819
0
0
0
0
0
0
6.971943266643819
0
0
6.971943266643819
0
0
0
0
0
0
6.971943266643819
0
0
8.298516853298585
0
0
0
0
0
0
6.971943266643819
0
0
6.971943266643819
0
0
0
0
0
0
6.971943266643819
0
0
6.971943266643819
0
0
0
0
0
0
6.971943266643819
0
0
6.971943266643819
0
0
0
0
0
0
8.799488486620495
0
0
6.971943266643819
0
0
0
0
0
0
6.971943266643819
0
0
6.971943266643819
0
0
0
0
0
0
7.261096768705313
0
0
6.971943266643819
0
0
0
0
0
0
6.971943266643819
0
0
8.670440606159946
0
0
0
0
0
0
6.971943266643819
0
0
6.971943266643819
0
0
0
0
0
0
6.971943266643819
0
0
8.799488486620495
0
0
0
0
0
0
8.786120107219366
0
0
6.971943266643819
0
0
0
0
0
0
6.971943266643819
0
0
6.971943266643819
0
0
0
0
0
0
7.1715163509982
0
0
8.799488486620495
0
0
0
0
0
0
8.298516853298585
0
0
6.971943266643819
0
0
0
0
0
0
8.799488486620495
0
0
6.971943266643819
0
0
0
0
0
0
8.799488486620495
0
0
6.971943266643819
0
0
0
0
0
0
6.971943266643819
0
0
6.971943266643819
0
0
0
0
0
0
6.971943266643819
0
0
6.971943266643819
0
0
0
0
0
0
6.971943266643819
0
0
7.6180496901822075
0
0
0
0
0
0
8.799488486620495
0
0
9.333813753095082
0
0
0
0
0
0
6.971943266643819
0
0
8.799488486620495
0
0
0
0
0
0
6.971943266643819
0
0
8.185044957115306
0
0
0
0
0
0
6.971943266643819
0
0
7.643715493507655
0
0
0
0
0
0
6.971943266643819
0
0
6.971943266643819
0
0
0
0
0
0
8.609202159037286
0
0
8.298516853298585
0
0
0
0
0
0
8.298516853298585
0
0
8.298516853298585
0
0
0
0
0
0
6.971943266643819
0
0
6.971943266643819
0
0
0
0
0
0
8.799488486620495
0
0
7.898876582201522
0
0
0
0
0
0
7.584360090725154
0
0
6.971943266643819
0
0
0
0
0
0
6.971943266643819
0
0
7.571206180098356
0
0
0
0
0
0
6.971943266643819
0
0
8.799488486620495
0
0
0
0
0
0
8.799488486620495
0
0
8.799488486620495
0
0
0
0
0
0
6.971943266643819
0
0
6.971943266643819
0
0
0
0
0
0
6.971943266643819
0
0
6.971943266643819
0
0
0
0
0
0
6.971943266643819
0
0
6.971943266643819
0
0
0
0
0
0
7.970648842430716
0
0
8.70523874055412
0
0
0
0
0
0
8.298516853298585
0
0
6.971943266643819
0
0
0
0
0
0
10.267122438454766
0
0
8.799488486620495
0
0
0
0
0
0
8.799488486620495
0
0
6.971943266643819
0
0
0
0
0
0
8.799488486620495
0
0
6.971943266643819
0
0
0
0
0
0
6.971943266643819
0
0
6.971943266643819
0
0
0
0
0
0
6.971943266643819
0
0
6.971943266643819
0
0
0
0
0
0
8.799488486620495
0
0
6.971943266643819
0
0
0
0
0
0
6.971943266643819
0
0
6.971943266643819
0
0
0
0
0
0
6.971943266643819
0
0
6.971943266643819
0
0
0
0
0
0
6.971943266643819
0
0
8.799488486620495
0
0
0
0
0
0
8.057978886378764
0
0
6.971943266643819
0
0
0
0
0
0
6.971943266643819
0
0
8.218000545709616
0
0
0
0
0
0
6.971943266643819
0
0
8.298516853298585
0
0
0
0
0
0
6.971943266643819
0
0
6.971943266643819
0
0
0
0
0
0
6.971943266643819
0
0
6.971943266643819
0
0
0
0
0
0
6.971943266643819
0
0
6.971943266643819
0
0
0
0
0
0
6.971943266643819
0
0
6.971943266643819
0
0
0
0
0
0
6.971943266643819
0
0
6.971943266643819
0
0
0
0
0
0
6.971943266643819
0
0
6.971943266643819
0
0
0
0
0
0
6.971943266643819
0
0
6.971943266643819
0
0
0
0
0
0
8.799488486620495
0
0
6.971943266643819
0
0
0
0
0
0
6.971943266643819
0
0
6.971943266643819
0
0
0
0
0
0
6.971943266643819
0
0
6.971943266643819
0
0
0
0
0
0
6.971943266643819
0
0
8.799488486620495
0
0
0
0
0
0
8.799488486620495
0
0
6.971943266643819
0
0
0
0
0
0
6.971943266643819
0
0
6.971943266643819
0
0
0
0
0
0
6.971943266643819
0
0
8.799488486620495
0
0
0
0
0
0
6.971943266643819
0
0
6.971943266643819
0
0
0
0
0
0
6.971943266643819
0
0
9.715764009276675
0
0
0
0
0
0
8.359374266037884
0
0
6.971943266643819
0
0
0
0
0
0
6.971943266643819
0
0
6.971943266643819
0
0
0
0
0
0
6.971943266643819
0
0
8.298516853298585
0
0
0
0
0
0
6.971943266643819
0
0
8.799488486620495
0
0
0
0
0
0
6.971943266643819
0
0
8.799488486620495
0
0
0
0
0
0
6.971943266643819
0
0
6.971943266643819
0
0
0
0
0
0
6.971943266643819
0
0
6.971943266643819
0
0
0
0
0
0
6.971943266643819
0
0
6.971943266643819
0
0
0
0
0
0
9.118506280132335
0
0
6.971943266643819
0
0
0
0
0
0
6.971943266643819
0
0
6.971943266643819
0
0
0
0
0
0
6.971943266643819
0
0
6.971943266643819
0
0
0
0
0
0
6.971943266643819
0
0
6.971943266643819
0
0
0
0
0
0
6.971943266643819
0
0
6.971943266643819
0
0
0
0
0
0
6.971943266643819
0
0
8.799488486620495
0
0
0
0
0
0
8.298516853298585
0
0
6.971943266643819
0
0
0
0
0
0
6.971943266643819
0
0
6.971943266643819
0
0
0
0
0
0
6.971943266643819
0
0
6.971943266643819
0
0
0
0
0
0
6.971943266643819
0
0
6.971943266643819
0
0
0
0
0
0
6.971943266643819
0
0
6.971943266643819
0
0
0
0
0
0
8.799488486620495
0
0
8.799488486620495
0
0
0
0
0
0
6.971943266643819
0
0
6.971943266643819
0
0
0
0
0
0
6.971943266643819
0
0
6.971943266643819
0
0
0
0
0
0
8.298516853298585
0
0
6.971943266643819
0
0
0
0
0
0
6.971943266643819
0
0
6.971943266643819
0
0
0
0
0
0
8.799488486620495
0
0
6.971943266643819
0
0
0
0
0
0
6.971943266643819
0
0
6.971943266643819
0
0
0
0
0
0
6.971943266643819
0
0
6.971943266643819
0
0
0
0
0
0
8.799488486620495
0
0
8.298516853298585
0
0
0
0
0
0
6.971943266643819
0
0
6.971943266643819
0
0
0
0
0
0
6.971943266643819
0
0
6.971943266643819
0
0
0
0
0
0
6.971943266643819
0
0
6.971943266643819
0
0
0
0
0
0
6.971943266643819
0
0
6.971943266643819
0
0
0
0
0
0
6.971943266643819
0
0
8.696814236777064
0
0
0
0
0
0
6.971943266643819
0
0
6.971943266643819
0
0
0
0
0
0
6.971943266643819
0
0
6.971943266643819
0
0
0
0
0
0
6.971943266643819
0
0
6.971943266643819
0
0
0
0
0
0
6.971943266643819
0
0
8.799488486620495
0
0
0
0
0
0
6.971943266643819
0
0
8.799488486620495
0
0
0
0
0
0
7.167775543311807
0
0
7.20779053109794
0
0
0
0
0
0
6.971943266643819
0
0
6.971943266643819
0
0
0
0
0
0
8.799488486620495
0
0
6.971943266643819
0
0
0
0
0
0
6.971943266643819
0
0
6.971943266643819
0
0
0
0
0
0
6.971943266643819
0
0
8.799488486620495
0
0
0
0
0
0
6.971943266643819
0
0
6.971943266643819
0
0
0
0
0
0
6.971943266643819
0
0
6.971943266643819
0
0
0
0
0
0
6.971943266643819
0
0
6.971943266643819
0
0
0
0
0
0
8.473127401554198
0
0
6.971943266643819
0
0
0
0
0
0
6.971943266643819
0
0
6.971943266643819
0
0
0
0
0
0
6.971943266643819
0
0
6.971943266643819
0
0
0
0
0
0
6.971943266643819
0
0
6.971943266643819
0
0
0
0
0
0
7.438895647656871
0
0
6.971943266643819
0
0
0
0
0
0
6.971943266643819
0
0
6.971943266643819
0
0
0
0
0
0
6.971943266643819
0
0
6.971943266643819
0
0
0
0
0
0
6.971943266643819
0
0
6.971943266643819
0
0
0
0
0
0
6.971943266643819
0
0
6.971943266643819
0
0
0
0
0
0
6.971943266643819
0
0
6.971943266643819
0
0
0
0
0
0
6.971943266643819
0
0
6.971943266643819
0
0
0
0
0
0
6.971943266643819
0
0
8.718095413056188
0
0
0
0
0
0
6.971943266643819
0
0
6.971943266643819
0
0
0
0
0
0
6.971943266643819
0
0
6.971943266643819
0
0
0
0
0
0
6.971943266643819
0
0
7.5869772067751615
0
0
0
0
0
0
7.269292722668701
0
0
13.736168204600755
0
0
0
0
0
0
8.095459981621438
0
0
6.971943266643819
0
0
0
0
0
0
8.224330298377513
0
0
6.971943266643819
0
0
0
0
0
0
6.971943266643819
0
0
6.971943266643819
0
0
0
0
0
0
6.971943266643819
0
0
6.971943266643819
0
0
0
0
0
0
6.971943266643819
0
0
7.85083472603514
0
0
0
0
0
0
8.298516853298585
0
0
6.971943266643819
0
0
0
0
0
0
6.971943266643819
0
0
6.971943266643819
0
0
0
0
0
0
6.971943266643819
0
0
6.971943266643819
0
0
0
0
0
0
7.906201717802508
0
0
6.971943266643819
0
0
0
0
0
0
11.255316011329246
0
0
6.971943266643819
0
0
0
0
0
0
6.971943266643819
0
0
6.971943266643819
0
0
0
0
0
0
8.298516853298585
0
0
6.971943266643819
0
0
0
0
0
0
6.971943266643819
0
0
7.8071327921492095
0
0
0
0
0
0
6.971943266643819
0
0
6.971943266643819
0
0
0
0
0
0
6.971943266643819
0
0
6.971943266643819
0
0
0
0
0
0
8.298516853298585
0
0
6.971943266643819
0
0
0
0
0
0
6.971943266643819
0
0
6.971943266643819
0
0
0
0
0
0
6.971943266643819
0
0
6.971943266643819
0
0
0
0
0
0
6.971943266643819
0
0
6.971943266643819
0
0
0
0
0
0
8.799488486620495
0
0
5.97
0
0
0
0
0
0
8.799488486620495
0
0
6.971943266643819
0
0
0
0
0
0
6.971943266643819
0
0
6.971943266643819
0
0
0
0
0
0
6.971943266643819
0
0
6.971943266643819
0
0
0
0
0
0
6.971943266643819
0
0
7.315083175642485
0
0
0
0
0
0
6.971943266643819
0
0
6.971943266643819
0
0
0
0
0
0
8.084454226492399
0
0
6.971943266643819
0
0
0
0
0
0
6.971943266643819
0
0
7.220350583946608
0
0
0
0
0
0
6.971943266643819
0
0
6.971943266643819
0
0
0
0
0
0
6.971943266643819
0
0
6.971943266643819
0
0
0
0
0
0
6.971943266643819
0
0
7.113464096942257
0
0
0
0
0
0
8.010624600842789
0
0
6.971943266643819
0
0
0
0
0
0
6.971943266643819
0
0
6.971943266643819
0
0
0
0
0
0
6.971943266643819
0
0
6.971943266643819
0
0
0
0
0
0
8.447206031803427
0
0
6.971943266643819
0
0
0
0
0
0
6.971943266643819
0
0
6.971943266643819
0
0
0
0
0
0
6.971943266643819
0
0
6.971943266643819
0
0
0
0
0
0
8.799488486620495
0
0
6.971943266643819
0
0
0
0
0
0
5.97
0
0
6.971943266643819
0
0
0
0
0
0
6.971943266643819
0
0
8.799488486620495
0
0
0
0
0
0
6.971943266643819
0
0
6.971943266643819
0
0
0
0
0
0
6.971943266643819
0
0
6.971943266643819
0
0
0
0
0
0
6.971943266643819
0
0
6.971943266643819
0
0
0
0
0
0
6.971943266643819
0
0
7.73670581683327
0
0
0
0
0
0
6.971943266643819
0
0
6.971943266643819
0
0
0
0
0
0
6.971943266643819
0
0
6.971943266643819
0
0
0
0
0
0
9.27336932333235
0
0
6.971943266643819
0
0
0
0
0
0
6.971943266643819
0
0
6.971943266643819
0
0
0
0
0
0
6.971943266643819
0
0
6.971943266643819
0
0
0
0
0
0
6.971943266643819
0
0
6.971943266643819
0
0
0
0
0
0
6.971943266643819
0
0
6.971943266643819
0
0
0
0
0
0
6.971943266643819
0
0
6.971943266643819
0
0
0
0
0
0
6.971943266643819
0
0
8.799488486620495
0
0
0
0
0
0
6.971943266643819
0
0
6.971943266643819
0
0
0
0
0
0
6.971943266643819
0
0
6.971943266643819
0
0
0
0
0
0
6.971943266643819
0
0
6.971943266643819
0
0
0
0
0
0
8.108247905440207
0
0
6.971943266643819
0
0
0
0
0
0
6.971943266643819
0
0
6.971943266643819
0
0
0
0
0
0
7.235884017043114
0
0
7.103693531080642
0
0
0
0
0
0
6.971943266643819
0
0
6.971943266643819
0
0
0
0
0
0
6.971943266643819
0
0
6.971943266643819
0
0
0
0
0
0
7.249613738342221
0
0
6.971943266643819
0
0
0
0
0
0
8.538120758340018
0
0
6.971943266643819
0
0
0
0
0
0
6.971943266643819
0
0
6.971943266643819
0
0
0
0
0
0
7.083533114578115
0
0
6.971943266643819
0
0
0
0
0
0
6.971943266643819
0
0
8.179549284515604
0
0
0
0
0
0
6.971943266643819
0
0
6.971943266643819
0
0
0
0
0
0
8.799488486620495
0
0
8.799488486620495
0
0
0
0
0
0
6.971943266643819
0
0
6.971943266643819
0
0
0
0
0
0
6.971943266643819
0
0
6.971943266643819
0
0
0
0
0
0
6.971943266643819
0
0
6.971943266643819
0
0
0
0
0
0
6.971943266643819
0
0
6.971943266643819
0
0
0
0
0
0
6.971943266643819
0
0
6.971943266643819
0
0
0
0
0
0
6.971943266643819
0
0
6.971943266643819
0
0
0
0
0
0
6.971943266643819
0
0
6.971943266643819
0
0
0
0
0
0
6.971943266643819
0
0
6.971943266643819
0
0
0
0
0
0
7.885294994380093
0
0
7.888863023926918
0
0
0
0
0
0
6.971943266643819
0
0
6.971943266643819
0
0
0
0
0
0
6.971943266643819
0
0
6.971943266643819
0
0
0
0
0
0
6.971943266643819
0
0
7.660186953228921
0
0
0
0
0
0
6.971943266643819
0
0
6.971943266643819
0
0
0
0
0
0
6.971943266643819
0
0
6.971943266643819
0
0
0
0
0
0
6.971943266643819
0
0
6.971943266643819
0
0
0
0
0
0
6.971943266643819
0
0
6.971943266643819
0
0
0
0
0
0
6.971943266643819
0
0
6.971943266643819
0
0
0
0
0
0
6.971943266643819
0
0
6.971943266643819
0
0
0
0
0
0
8.799488486620495
0
0
6.470971633321909
0
0
0
0
0
0
6.971943266643819
0
0
6.971943266643819
0
0
0
0
0
0
10.627033706597171
0
0
5.97
0
0
0
0
0
0
0
6.971943266643819
0
6.971943266643819
0
0
0
0
0
0
6.971943266643819
0
0
6.971943266643819
0
0
0
0
0
0
6.971943266643819
0
0
7.23330650552451
0
0
0
0
0
0
6.971943266643819
0
0
15.018773610741615
0
0
0
0
0
0
6.971943266643819
0
0
6.971943266643819
0
0
0
0
0
0
6.971943266643819
0
0
6.971943266643819
0
0
0
0
0
0
6.971943266643819
0
0
6.971943266643819
0
0
0
0
0
0
6.971943266643819
0
0
6.971943266643819
0
0
0
0
0
0
6.971943266643819
0
0
6.971943266643819
0
0
0
0
0
0
6.971943266643819
0
0
6.971943266643819
0
0
0
0
0
0
6.971943266643819
0
0
6.971943266643819
0
0
0
0
0
0
6.971943266643819
0
0
6.971943266643819
0
0
0
0
0
0
6.971943266643819
0
0
6.971943266643819
0
0
0
0
0
0
6.971943266643819
0
0
6.971943266643819
0
0
0
0
0
0
7.697626284823178
0
0
6.971943266643819
0
0
0
0
0
0
6.971943266643819
0
0
7.335135069592846
0
0
0
0
0
0
6.971943266643819
0
0
6.971943266643819
0
0
0
0
0
0
6.971943266643819
0
0
6.971943266643819
0
0
0
0
0
0
6.971943266643819
0
0
6.971943266643819
0
0
0
0
0
0
6.971943266643819
0
0
6.971943266643819
0
0
0
0
0
0
6.971943266643819
0
0
8.799488486620495
0
0
0
0
0
0
6.971943266643819
0
0
6.971943266643819
0
0
0
0
0
0
7.676802337146693
0
0
6.971943266643819
0
0
0
0
0
0
6.971943266643819
0
0
6.971943266643819
0
0
0
0
0
0
6.971943266643819
0
0
6.971943266643819
0
0
0
0
0
0
8.799488486620495
0
0
6.971943266643819
0
0
0
0
0
0
6.971943266643819
0
0
6.971943266643819
0
0
0
0
0
0
6.971943266643819
0
0
6.971943266643819
0
0
0
0
0
0
8.799488486620495
0
0
6.971943266643819
0
0
0
0
0
0
6.971943266643819
0
0
6.971943266643819
0
0
0
0
0
0
8.298516853298585
0
0
5.97
0
0
0
0
0
0
10.067260406020576
0
0
6.971943266643819
0
0
0
0
0
0
8.298516853298585
0
0
5.97
0
0
0
0
0
0
6.971943266643819
0
0
6.971943266643819
0
0
0
0
0
0
10.627033706597171
0
0
6.971943266643819
0
0
0
0
0
0
8.298516853298585
0
0
6.971943266643819
0
0
0
0
0
0
8.298516853298585
0
0
6.971943266643819
0
0
0
0
0
0
8.298516853298585
0
0
5.97
0
0
0
0
0
0
8.298516853298585
0
0
6.971943266643819
0
0
0
0
